


      23.493179     23.198056     50.543563     50.487746      3.880345
   19   20  420  591    23.19805613    50.54356320    50.48774647     3.88034458        in 7505
   1          0.01860798           4.2072050           28.561656          a 7505
   2          0.01627522           7.3460910          193.686743          a 7505
   3         -0.01300660          17.8572630          308.059006          a 7505
   4          0.00988829          17.2205460          319.960464          a 7505
   5         -0.00336700          16.8467330          279.143002          a 7505
   6          0.00333077           5.1990790           87.122791          a 7505
   7         -0.00235400          18.2310760          348.876468          a 7505
   8          0.00140015          26.2167580          128.079265          a 7505
   9          0.00100700           6.3591690          154.055558          a 7505
  10          0.00085700          16.2100160          291.044458          a 7505
  11          0.00064990           3.0651810          114.818011          a 7505
  12          0.00059900          16.5838290          331.861920          a 7505
  13          0.00037800          18.4939800          296.157550          a 7505
  14         -0.00033700           6.1909530          145.683925          a 7505
  15          0.00027600          18.8677930          336.975010          a 7505
  16          0.00018200          17.4255670          151.850266          a 7505
  17         -0.00017400           6.1860010          126.753974          a 7505
  18         -0.00012400          18.4174410          210.411401          a 7505
  19          0.00001250           0.6678630           72.099562          a 7505
   1        0.0552849171        0.0000000000      106.1532140000          b 7505
   2        0.0400300658      -18.8292990000      248.7715569584          b 7505
   3        0.0241188195       -5.6109370000       12.0601673195          b 7505
   4        0.0151967300      -17.8187690000      277.6875610972          b 7505
   5        0.0101506756       -6.7710270000      305.1273999584          b 7505
   6        0.0069515068      -18.4554860000      289.5890178055          b 7505
   7        0.0056074088      -26.2670700000      125.2780215834          b 7505
   8       -0.0047594531      -19.4660160000      260.6730136666          b 7505
   9        0.0036055468       -7.7579490000      265.4962147084          b 7505
  10       -0.0034575643       -2.9998370000      316.2516525972          b 7505
  11       -0.0025933906       -0.6914310000      201.2780607916          b 7505
  12        0.0019921618      -18.1925820000      236.8701002500          b 7505
  13       -0.0016011284       -6.6028110000      313.4990332916          b 7505
  14       -0.0015092841      -19.8398290000      219.8555528195          b 7505
  15       -0.0004951640       -4.6240150000       51.6913525695          b 7505
  16       -0.0000111126      -37.6585980000       31.3898999167          b 7505
  17       -0.0000153447       18.8292990000      323.5348710416          b 7505
  18       -0.0000133928      -24.4402360000      154.6785102778          b 7505
  19       -0.0000133928       13.2183620000      229.4418243611          b 7505
  20       -0.0000133928      -13.2183620000      342.8646036389          b 7505
   1     -0.0000000      0.0000000    0.0000000    50.543563    110.03356 bp 7505
   2  -4902.1991320  14673.9182039    2.2561896    31.714264    252.65190 bp 7505
   3   -621.2333610   1732.9562866    0.3775064    44.932626     15.94051 bp 7505
   4  -1706.7741437   5072.4339891    0.8047634    32.724794    281.56791 bp 7505
   5   -323.8716385    907.6502883    0.1926172    43.772536    309.00774 bp 7505
   6   -824.6807850   2461.8895323    0.3829897    32.088077    293.46936 bp 7505
   7  -1251.4486478   4011.6117694    0.4721497    24.276493    129.15837 bp 7505
   8    614.9113770  -1849.3623710   -0.2786401    31.077547    264.55336 bp 7505
   9   -134.8482815    379.4735055    0.0787144    42.785614    269.37656 bp 7505
  10     44.9986863   -124.3173508   -0.0286550    47.543726    320.13200 bp 7505
  11      7.4192187    -20.3382375   -0.0049155    49.852132    205.15841 bp 7505
  12   -231.0769526    688.5398886    0.1079920    32.350981    240.75044 bp 7505
  13     49.6263890   -138.9826048   -0.0296076    43.940752    317.37938 bp 7505
  14    201.1605701   -606.7271344   -0.0903149    30.703734    223.73590 bp 7505
  15     10.2847988    -28.5817938   -0.0063630    45.919548     55.57170 bp 7505
  16      6.6991891    -26.8347070   -0.0016763    12.884965     35.27024 bp 7505
  17     -0.8590671      2.2484219    0.0007562    69.372862    327.41522 bp 7505
  18      2.5864627     -8.1272851   -0.0010285    26.103327    158.55885 bp 7505
  19     -0.5726812      1.5148285    0.0004683    63.761925    233.32217 bp 7505
  20      0.9783003     -2.8265020   -0.0005115    37.325201    346.74495 bp 7505
  21     -0.0000000      0.0000000    0.0000000   101.087126    220.06712 bp 7505
  22    -87.1870369    390.8591907    0.1201932    63.428528    505.30380 bp 7505
  23     -1.3048400      6.0013103    0.0026146    89.865252     31.88102 bp 7505
  24    -10.4931851     47.1542332    0.0149624    65.449588    563.13581 bp 7505
  25     -0.3562922      1.6357131    0.0006942    87.545072    618.01549 bp 7505
  26     -2.4607603     11.0415166    0.0034354    64.176154    586.93872 bp 7505
  27     -6.0848070     26.7207754    0.0062898    48.552986    258.31673 bp 7505
  28     -1.3783180      6.1693515    0.0018591    62.155094    529.10672 bp 7505
  29     -0.0620214      0.2842812    0.0001179    85.571228    538.75312 bp 7505
  30     -0.0067803      0.0313044    0.0000144    95.087452    640.26399 bp 7505
  31     -0.0001829      0.0008471    0.0000004    99.704264    410.31681 bp 7505
  32     -0.1928415      0.8658285    0.0002716    64.701962    481.50089 bp 7505
  33     -0.0083596      0.0383888    0.0000164    87.881504    634.75876 bp 7505
  34     -0.1479283      0.6615089    0.0001969    61.407468    447.47179 bp 7505
  35     -0.0003563      0.0016411    0.0000007    91.839096    111.14339 bp 7505
  36     -0.0002179      0.0009226    0.0000001    25.769930     70.54049 bp 7505
  37     -0.0000023      0.0000111    0.0000000   138.745724    654.83043 bp 7505
  38     -0.0000255      0.0001125    0.0000000    52.206654    317.11771 bp 7505
  39     -0.0000011      0.0000049    0.0000000   127.523850    466.64434 bp 7505
  40     -0.0000034      0.0000152    0.0000000    74.650402    693.48990 bp 7505
  41      0.0000000     -0.0000000   -0.0000000    82.257827    362.68546 bp 7505
  42      0.0000000      0.0000000    0.0000000    95.476189    125.97407 bp 7505
  43     -0.0000000     -0.0000000   -0.0000000    83.268357    391.60146 bp 7505
  44     -0.0000000      0.0000000    0.0000000    94.316099    419.04130 bp 7505
  45     -0.0000000      0.0000000    0.0000000    82.631640    403.50292 bp 7505
  46     -0.0000000      0.0000000    0.0000000    74.820056    239.19192 bp 7505
  47      0.0000000      0.0000000    0.0000000    81.621110    374.58692 bp 7505
  48      0.0000000     -0.0000000   -0.0000000    93.329177    379.41012 bp 7505
  49      0.0000000     -0.0000000   -0.0000000    98.087289    430.16556 bp 7505
  50      0.0000000      0.0000000    0.0000000   100.395695    315.19196 bp 7505
  51     -0.0000000      0.0000000    0.0000000    82.894544    350.78400 bp 7505
  52     -0.0000000     -0.0000000   -0.0000000    94.484315    427.41294 bp 7505
  53     -0.0000000     -0.0000000   -0.0000000    81.247297    333.76946 bp 7505
  54      0.0000000     -0.0000000   -0.0000000    96.463111    165.60526 bp 7505
  55     -0.0000000     -0.0000000   -0.0000000    63.428528    145.30380 bp 7505
  56     -0.0000000      0.0000000    0.0000000   119.916425    437.44877 bp 7505
  57      0.0000000     -0.0000000   -0.0000000    76.646890    268.59241 bp 7505
  58      0.0000000     -0.0000000   -0.0000000   114.305488    343.35573 bp 7505
  59      0.0000000     -0.0000000   -0.0000000    87.868764    456.77851 bp 7505
  60    -21.4751335     97.1475804    0.0360995    76.646890    268.59241 bp 7505
  61    -60.4974176    271.5266106    0.0848275    64.439058    534.21981 bp 7505
  62    -11.2117370     50.6982733    0.0185541    75.486800    561.65965 bp 7505
  63    -29.2950633    131.3881501    0.0406413    63.802341    546.12126 bp 7505
  64    -46.3025429    204.8479759    0.0556062    55.990757    381.81027 bp 7505
  65     21.9251360    -98.2121003   -0.0298981    62.791811    517.20526 bp 7505
  66     -4.6743520     21.1287682    0.0076314    74.499878    522.02846 bp 7505
  67      1.5512789     -7.0227758   -0.0026985    79.257990    572.78390 bp 7505
  68      0.2552660     -1.1561810   -0.0004572    81.566396    457.81031 bp 7505
  69     -8.2010082     36.7926353    0.0114277    64.065245    493.40235 bp 7505
  70      1.7175886     -7.7672320   -0.0028489    75.655016    570.03128 bp 7505
  71      7.1830904    -32.1603679   -0.0097321    62.417998    476.38780 bp 7505
  72      0.3551369     -1.6070341   -0.0006049    77.633812    308.22360 bp 7505
  73      0.2956011     -1.2364058   -0.0002673    44.599229    287.92215 bp 7505
  74     -0.0293531      0.1330441    0.0000652   101.087126    580.06712 bp 7505
  75      0.0945124     -0.4198897   -0.0001177    57.817591    411.21076 bp 7505
  76     -0.0195835      0.0887814    0.0000411    95.476189    485.97407 bp 7505
  77      0.0342426     -0.1543194   -0.0000517    69.039465    599.39685 bp 7505
  78     -7.4410815     33.7250435    0.0126973    77.657420    297.50842 bp 7505
  79     -1.3637229      6.2663250    0.0026949    88.705162    324.94826 bp 7505
  80     -3.6061239     16.3247847    0.0060958    77.020703    309.40987 bp 7505
  81     -5.7661158     25.5786561    0.0085825    69.209119    145.09888 bp 7505
  82      2.7024469    -12.2096584   -0.0044994    76.010173    280.49387 bp 7505
  83     -0.5690235      2.6124589    0.0011110    87.718240    285.31707 bp 7505
  84      0.1881465     -0.8669302   -0.0003887    92.476352    336.07251 bp 7505
  85      0.0309111     -0.1426275   -0.0000655    94.784758    221.09892 bp 7505
  86     -1.0091812      4.5707695    0.0017126    77.283607    256.69096 bp 7505
  87      0.2088878     -0.9599753   -0.0004136    88.873378    333.31989 bp 7505
  88      0.8858135     -3.9990176   -0.0014664    75.636360    239.67641 bp 7505
  89      0.0431239     -0.1984840   -0.0000874    90.852174     71.51221 bp 7505
  90      0.0376766     -0.1556592   -0.0000436    57.817591     51.21076 bp 7505
  91     -0.0035212      0.0163463    0.0000091   114.305488    343.35573 bp 7505
  92      0.0117342     -0.0523633   -0.0000180    71.035953    174.49937 bp 7505
  93     -0.0023542      0.0109179    0.0000058   108.694551    249.26268 bp 7505
  94      0.0041898     -0.0191236   -0.0000076    82.257827    362.68546 bp 7505
  95     -3.8851737     17.6006950    0.0065276    76.497330    590.57565 bp 7505
  96    -10.1631643     45.6361868    0.0143399    64.812871    575.03727 bp 7505
  97    -16.0822001     71.1875995    0.0196727    57.001287    410.72627 bp 7505
  98      7.6073393    -34.1147830   -0.0105525    63.802341    546.12126 bp 7505
  99     -1.6199147      7.3354232    0.0026854    75.510408    550.94446 bp 7505
 100      0.5374178     -2.4377873   -0.0009487    80.268520    601.69990 bp 7505
 101      0.0884204     -0.4013156   -0.0001607    82.576926    486.72631 bp 7505
 102     -2.8450348     12.7793233    0.0040318    65.075775    522.31835 bp 7505
 103      0.5951839     -2.6965007   -0.0010022    76.665546    598.94728 bp 7505
 104      2.4924312    -11.1714089   -0.0034353    63.428528    505.30380 bp 7505
 105      0.1230454     -0.5578694   -0.0002127    78.644342    337.13960 bp 7505
 106      0.1029301     -0.4300796   -0.0000951    45.609759    316.83815 bp 7505
 107     -0.0101590      0.0461641    0.0000229   102.097656    608.98312 bp 7505
 108      0.0328167     -0.1458982   -0.0000416    58.828121    440.12676 bp 7505
 109     -0.0067790      0.0308080    0.0000144    96.486719    514.89007 bp 7505
 110      0.0118726     -0.0535874   -0.0000182    70.049995    628.31285 bp 7505
 111     -1.8827456      8.5195108    0.0031333    75.860613    602.47711 bp 7505
 112     -3.0081845     13.3446267    0.0044025    68.049029    438.16611 bp 7505
 113      1.4108148     -6.3716850   -0.0023122    74.850083    573.56110 bp 7505
 114     -0.2973139      1.3638373    0.0005723    86.558150    578.38430 bp 7505
 115      0.0983322     -0.4526346   -0.0002004    91.316262    629.13974 bp 7505
 116      0.0161571     -0.0744713   -0.0000338    93.624668    514.16615 bp 7505
 117     -0.5269020      2.3853972    0.0008803    76.123517    549.75819 bp 7505
 118      0.1091509     -0.5011712   -0.0002131    87.713288    626.38712 bp 7505
 119      0.4624244     -2.0868820   -0.0007535    74.476270    532.74364 bp 7505
 120      0.0225362     -0.1036270   -0.0000451    89.692084    364.57944 bp 7505
 121      0.0196285     -0.0811727   -0.0000223    56.657501    344.27799 bp 7505
 122     -0.0018418      0.0085376    0.0000047   113.145398    636.42296 bp 7505
 123      0.0061229     -0.0273206   -0.0000093    69.875863    467.56660 bp 7505
 124     -0.0012312      0.0057020    0.0000030   107.534461    542.32991 bp 7505
 125      0.0021884     -0.0099819   -0.0000039    81.097737    655.75269 bp 7505
 126     -7.7821551     34.4363194    0.0094102    56.364570    422.62773 bp 7505
 127      3.6835636    -16.5073251   -0.0050551    63.165624    558.02272 bp 7505
 128     -0.7849691      3.5505941    0.0012889    74.873691    562.84592 bp 7505
 129      0.2604747     -1.1800809   -0.0004556    79.631803    613.60136 bp 7505
 130      0.0428593     -0.1942758   -0.0000772    81.940209    498.62777 bp 7505
 131     -1.3777385      6.1838807    0.0019319    64.439058    534.21981 bp 7505
 132      0.2884269     -1.3052295   -0.0004811    76.028829    610.84874 bp 7505
 133      1.2068276     -5.4055043   -0.0016456    62.791811    517.20526 bp 7505
 134      0.0596333     -0.2700447   -0.0001021    78.007625    349.04106 bp 7505
 135      0.0497296     -0.2079234   -0.0000453    44.973042    328.73961 bp 7505
 136     -0.0049269      0.0223528    0.0000110   101.460939    620.88458 bp 7505
 137      0.0158830     -0.0705827   -0.0000199    58.191404    452.02822 bp 7505
 138     -0.0032873      0.0149166    0.0000069    95.850002    526.79153 bp 7505
 139      0.0057514     -0.0259347   -0.0000087    69.413278    640.21431 bp 7505
 140      5.8176342    -25.7281137   -0.0069045    55.354040    393.71172 bp 7505
 141     -1.2533465      5.5599237    0.0018077    67.062107    398.53493 bp 7505
 142      0.4171505     -1.8502378   -0.0006442    71.820219    449.29036 bp 7505
 143      0.0687255     -0.3047614   -0.0001095    74.128625    334.31677 bp 7505
 144     -2.1792097      9.6444221    0.0026478    56.627474    369.90881 bp 7505
 145      0.4608903     -2.0445569   -0.0006762    68.217245    446.53774 bp 7505
 146      1.9051251     -8.4232670   -0.0022452    54.980227    352.89426 bp 7505
 147      0.0954113     -0.4232315   -0.0001440    70.196041    184.73006 bp 7505
 148      0.0757679     -0.3193486   -0.0000575    37.161458    164.42861 bp 7505
 149     -0.0079565      0.0351639    0.0000160    93.649355    456.57358 bp 7505
 150      0.0249124     -0.1096798   -0.0000268    50.379820    287.71722 bp 7505
 151     -0.0053005      0.0234519    0.0000100    88.038418    362.48054 bp 7505
 152      0.0091434     -0.0405364   -0.0000121    61.601694    475.90331 bp 7505
 153      0.5881621     -2.6553761   -0.0009509    73.863161    533.92992 bp 7505
 154     -0.1952368      0.8826772    0.0003364    78.621273    584.68536 bp 7505
 155     -0.0321296      0.1453236    0.0000570    80.929679    469.71176 bp 7505
 156      1.0312174     -4.6225907   -0.0014215    63.428528    505.30380 bp 7505
 157     -0.2161324      0.9761778    0.0003550    75.018299    581.93274 bp 7505
 158     -0.9030972      4.0403540    0.0012102    61.781281    488.28926 bp 7505
 159     -0.0446927      0.2019785    0.0000754    76.997095    320.12506 bp 7505
 160     -0.0370782      0.1551881    0.0000331    43.962512    299.82360 bp 7505
 161      0.0036966     -0.0167264   -0.0000081   100.450409    591.96857 bp 7505
 162     -0.0118773      0.0527412    0.0000146    57.180874    423.11221 bp 7505
 163      0.0024660     -0.0111611   -0.0000051    94.839472    497.87553 bp 7505
 164     -0.0043073      0.0193916    0.0000064    68.402748    611.29831 bp 7505
 165      0.0410349     -0.1887156   -0.0000826    90.329340    589.50856 bp 7505
 166      0.0067432     -0.0310505   -0.0000139    92.637746    474.53496 bp 7505
 167     -0.2196845      0.9941475    0.0003621    75.136595    510.12700 bp 7505
 168      0.0455418     -0.2089360   -0.0000878    86.726366    586.75594 bp 7505
 169      0.1927768     -0.8696893   -0.0003099    73.489348    493.11246 bp 7505
 170      0.0094038     -0.0432035   -0.0000186    88.705162    324.94826 bp 7505
 171      0.0081678     -0.0338061   -0.0000091    55.670579    304.64680 bp 7505
 172     -0.0007691      0.0035607    0.0000019   112.158476    596.79177 bp 7505
 173      0.0025515     -0.0113837   -0.0000038    68.888941    427.93541 bp 7505
 174     -0.0005141      0.0023779    0.0000012   106.547539    502.69873 bp 7505
 175      0.0009127     -0.0041607   -0.0000016    80.110815    616.12151 bp 7505
 176     -0.0022274      0.0102993    0.0000049    97.395858    525.29040 bp 7505
 177      0.0728910     -0.3304037   -0.0001280    79.894707    560.88244 bp 7505
 178     -0.0150617      0.0693411    0.0000308    91.484478    637.51138 bp 7505
 179     -0.0639995      0.2891110    0.0001097    78.247460    543.86789 bp 7505
 180     -0.0031087      0.0143355    0.0000065    93.463274    375.70369 bp 7505
 181     -0.0027335      0.0112695    0.0000033    60.428691    355.40224 bp 7505
 182      0.0002533     -0.0011796   -0.0000007   116.916588    647.54721 bp 7505
 183     -0.0008486      0.0037871    0.0000014    73.647053    478.69085 bp 7505
 184      0.0001694     -0.0007880   -0.0000004   111.305651    553.45417 bp 7505
 185     -0.0003024      0.0013819    0.0000006    84.868927    666.87695 bp 7505
 186      0.0119933     -0.0543932   -0.0000217    82.203113    445.90885 bp 7505
 187     -0.0024748      0.0114085    0.0000052    93.792884    522.53778 bp 7505
 188     -0.0105328      0.0476002    0.0000186    80.555866    428.89430 bp 7505
 189     -0.0005107      0.0023584    0.0000011    95.771680    260.73010 bp 7505
 190     -0.0004513      0.0018575    0.0000006    62.737097    240.42865 bp 7505
 191      0.0000416     -0.0001939   -0.0000001   119.224994    532.57362 bp 7505
 192     -0.0001398      0.0006237    0.0000002    75.955459    363.71726 bp 7505
 193      0.0000278     -0.0001296   -0.0000001   113.614057    438.48057 bp 7505
 194     -0.0000497      0.0002274    0.0000001    87.177333    551.90335 bp 7505
 195      0.0807184     -0.3654537   -0.0001352    76.291733    558.12982 bp 7505
 196      0.3378569     -1.5137264   -0.0004627    63.054715    464.48634 bp 7505
 197      0.0166882     -0.0756091   -0.0000287    78.270529    296.32214 bp 7505
 198      0.0139347     -0.0582466   -0.0000128    45.235946    276.02069 bp 7505
 199     -0.0013784      0.0062578    0.0000031   101.723843    568.16566 bp 7505
 200      0.0044473     -0.0197671   -0.0000056    58.454308    399.30930 bp 7505
 201     -0.0009197      0.0041761    0.0000019    96.112906    474.07261 bp 7505
 202      0.0016098     -0.0072620   -0.0000025    69.676182    587.49539 bp 7505
 203     -0.0708423      0.3197227    0.0001157    74.644486    541.11528 bp 7505
 204     -0.0034519      0.0158752    0.0000069    89.860300    372.95107 bp 7505
 205     -0.0030079      0.0124375    0.0000034    56.825717    352.64962 bp 7505
 206      0.0002821     -0.0013079   -0.0000007   113.313614    644.79459 bp 7505
 207     -0.0009381      0.0041858    0.0000014    70.044079    475.93823 bp 7505
 208      0.0001886     -0.0008735   -0.0000005   107.702677    550.70155 bp 7505
 209     -0.0003352      0.0015292    0.0000006    81.265953    664.12433 bp 7505
 210     -0.0146499      0.0661546    0.0000246    76.623282    279.30759 bp 7505
 211     -0.0121298      0.0507879    0.0000107    43.588699    259.00614 bp 7505
 212      0.0012122     -0.0054794   -0.0000027   100.076596    551.15111 bp 7505
 213     -0.0038900      0.0172681    0.0000048    56.807061    382.29475 bp 7505
 214      0.0008086     -0.0036562   -0.0000017    94.465659    457.05807 bp 7505
 215     -0.0014115      0.0063506    0.0000021    68.028935    570.48085 bp 7505
 216     -0.0006241      0.0025765    0.0000007    58.804513     90.84194 bp 7505
 217      0.0000581     -0.0002702   -0.0000002   115.292410    382.98691 bp 7505
 218     -0.0001941      0.0008664    0.0000003    72.022875    214.13055 bp 7505
 219      0.0000389     -0.0001805   -0.0000001   109.681473    288.89387 bp 7505
 220     -0.0000693      0.0003163    0.0000001    83.244749    402.31665 bp 7505
 221      0.0000528     -0.0002149   -0.0000001    82.257827    362.68546 bp 7505
 222     -0.0001563      0.0006574    0.0000001    38.988292    193.82910 bp 7505
 223      0.0000351     -0.0001433   -0.0000001    76.646890    268.59241 bp 7505
 224     -0.0000591      0.0002458    0.0000001    50.210166    382.01519 bp 7505
 225      0.0000162     -0.0000719   -0.0000000    95.476189    485.97407 bp 7505
 226     -0.0000031      0.0000148    0.0000000   133.134787    560.73738 bp 7505
 227      0.0000057     -0.0000261   -0.0000000   106.698063    674.16016 bp 7505
 228      0.0000108     -0.0000480   -0.0000000    89.865252    391.88102 bp 7505
 229     -0.0000186      0.0000830    0.0000000    63.428528    505.30380 bp 7505
 230      0.0000038     -0.0000174   -0.0000000   101.087126    580.06712 bp 7505
 231     -0.0000000    228.2380793    0.0208352    18.829299   -142.61834 bp 7505
 232     -0.0000000    137.5174616    0.0037408     5.610937     94.09305 bp 7505
 233     -0.0000000     86.6466844    0.0074852    17.818769   -171.53435 bp 7505
 234     -0.0000000     57.8757658    0.0018999     6.771027   -198.97419 bp 7505
 235      0.0000000     39.6351723    0.0035463    18.455486   -183.43580 bp 7505
 236     -0.0000000     31.9715743    0.0040715    26.267070    -19.12481 bp 7505
 237     -0.0000000    -27.1368138   -0.0025610    19.466016   -154.51980 bp 7505
 238      0.0000000     20.5576247    0.0007732     7.757949   -159.34300 bp 7505
 239     -0.0000000    -19.7138779   -0.0002867     2.999837   -210.09844 bp 7505
 240     -0.0000000    -14.7866478   -0.0000496     0.691431    -95.12485 bp 7505
 241      0.0000000     11.3586421    0.0010018    18.192582   -130.71689 bp 7505
 242      0.0000000     -9.1291000   -0.0002922     6.602811   -207.34582 bp 7505
 243      0.0000000     -8.6054344   -0.0008277    19.839829   -113.70234 bp 7505
 244      0.0000000     -2.8232598   -0.0000633     4.624015     54.46186 bp 7505
 245     -0.0000000     -0.0633604   -0.0000116    37.658598     74.76331 bp 7505
 246      0.0000000     -0.0874902    0.0000080   -18.829299   -217.38166 bp 7505
 247      0.0000000     -0.0763613   -0.0000090    24.440236    -48.52530 bp 7505
 248      0.0000000     -0.0763613    0.0000049   -13.218362   -123.28861 bp 7505
 249      0.0000000     -0.0763613   -0.0000049    13.218362   -236.71139 bp 7505
 250     25.7071992    -96.0391564    0.0061546   -13.218362    236.71139 bp 7505
 251     74.3273175   1091.6644388   -0.0053483    -1.010530    -28.91600 bp 7505
 252     13.4519745    -38.4669040    0.0022488   -12.058272    -56.35584 bp 7505
 253     36.0440944   1558.6370759   -0.0028247    -0.373813    -40.81746 bp 7505
 254     57.9730266   -229.3686206   -0.0082709     7.437771    123.49354 bp 7505
 255    -27.0384408    770.9541859    0.0023799     0.636717    -11.90146 bp 7505
 256      5.6194612    -12.7701107    0.0006854   -11.071350    -16.72466 bp 7505
 257     -1.8477272     14.3913788   -0.0011044   -15.829462    -67.48010 bp 7505
 258     -0.3027600     10.7644170   -0.0009466   -18.137868     47.49350 bp 7505
 259     10.0843376    247.4757906   -0.0007639    -0.636717     11.90146 bp 7505
 260     -2.0600937      6.1216856   -0.0003629   -12.226488    -64.72748 bp 7505
 261     -8.8658620    165.4791419    0.0008107     1.010530     28.91600 bp 7505
 262     -0.4243099      2.0219531   -0.0001393   -14.205284    197.08020 bp 7505
 263     -0.3740320      0.9367064    0.0000855    18.829299    217.38166 bp 7505
 264      0.0337905      0.0422463   -0.0000077   -37.658598    -74.76331 bp 7505
 265     -0.1178706      0.5595623    0.0000152     5.610937     94.09305 bp 7505
 266      0.0227154      0.0426283   -0.0000066   -32.047661     19.32973 bp 7505
 267     -0.0416415     -0.0211547    0.0000006    -5.610937    -94.09305 bp 7505
 268      8.8953650     39.8871885    0.0023607    12.207832   -265.62739 bp 7505
 269      1.6053135    212.6198243    0.0011958     1.160090   -293.06723 bp 7505
 270      4.3146150     17.2454717    0.0010739    12.844549   -277.52885 bp 7505
 271      6.9625965      4.7966793    0.0004804    20.656133   -113.21785 bp 7505
 272     -3.2377463    -10.7750989   -0.0007238    13.855079   -248.61285 bp 7505
 273      0.6707447     42.9248277    0.0004468     2.147012   -253.43605 bp 7505
 274     -0.2203443     24.9688582   -0.0003161    -2.611100   -304.19149 bp 7505
 275     -0.0360905      7.9726926   -0.0001902    -4.919506   -189.21789 bp 7505
 276      1.2070262      5.0589777    0.0003086    12.581645   -224.80993 bp 7505
 277     -0.2458363    -38.8665959   -0.0001869     0.991874   -301.43887 bp 7505
 278     -1.0617955     -3.2998299   -0.0002276    14.228892   -207.79539 bp 7505
 279     -0.0506145     10.6923893   -0.0000512    -0.986922    -39.63119 bp 7505
 280     -0.0453434      0.0515206    0.0000080    32.047661    -19.32973 bp 7505
 281      0.0040185     -0.0145427    0.0000017   -24.440236   -311.47470 bp 7505
 282     -0.0141434     -0.0168335   -0.0000015    18.829299   -142.61834 bp 7505
 283      0.0027029     -0.0080527    0.0000007   -18.829299   -217.38166 bp 7505
 284     -0.0049768     -0.0543104   -0.0000020     7.607425   -330.80444 bp 7505
 285      4.6548426    -16.5177468    0.0008847   -11.047742    -27.43984 bp 7505
 286     12.4763041   -275.1367481   -0.0008493     0.636717    -11.90146 bp 7505
 287     20.0734199    -67.1185781   -0.0027491     8.448301    152.40954 bp 7505
 288     -9.3594163     91.8443315    0.0007335     1.647247     17.01455 bp 7505
 289      1.9445650     -5.6955896    0.0002778   -10.060820     12.19135 bp 7505
 290     -0.6393313      5.6788915   -0.0004080   -14.818932    -38.56409 bp 7505
 291     -0.1047538      4.1183111   -0.0003420   -17.127338     76.40950 bp 7505
 292      3.4905621   -125.7489710   -0.0002279     0.373813     40.81746 bp 7505
 293     -0.7128604      2.6143570   -0.0001422   -11.215958    -35.81147 bp 7505
 294     -3.0689792     25.6913687    0.0002517     2.021060     57.83201 bp 7505
 295     -0.1468196      0.8212687   -0.0000525   -13.194754    225.99621 bp 7505
 296     -0.1296319      0.3088775    0.0000297    19.839829    246.29766 bp 7505
 297      0.0116886      0.0140479   -0.0000025   -36.648068    -45.84731 bp 7505
 298     -0.0408095      0.1556148    0.0000050     6.621467    123.00905 bp 7505
 299      0.0078580      0.0146646   -0.0000022   -31.037131     48.24574 bp 7505
 300     -0.0144115      0.0002413   -0.0000000    -4.600407    -65.17704 bp 7505
 301      2.2577563      6.9956182    0.0003963    11.684459     15.53838 bp 7505
 302      3.6425875      0.7197329    0.0000680    19.496043    179.84938 bp 7505
 303     -1.6942112     -4.2179814   -0.0002596    12.694989     44.45439 bp 7505
 304      0.3510556     40.7685328    0.0001951     0.986922     39.63119 bp 7505
 305     -0.1153313      8.1379644   -0.0001488    -3.771190    -11.12425 bp 7505
 306     -0.0188908      3.2078019   -0.0000945    -6.079596    103.84934 bp 7505
 307      0.6316177      2.0700118    0.0001146    11.421555     68.25730 bp 7505
 308     -0.1286683    101.6526178   -0.0000829    -0.168216     -8.37163 bp 7505
 309     -0.5555993     -1.2732499   -0.0000807    13.068802     85.27185 bp 7505
 310     -0.0264918      2.2467319   -0.0000234    -2.147012    253.43605 bp 7505
 311     -0.0237073      0.0308587    0.0000046    30.887571    273.73750 bp 7505
 312      0.0021037     -0.0044597    0.0000006   -25.600326    -18.40747 bp 7505
 313     -0.0073998     -0.0045825   -0.0000004    17.669209    150.44889 bp 7505
 314      0.0014149     -0.0018124    0.0000002   -19.989389     75.68558 bp 7505
 315     -0.0026045     -0.0260384   -0.0000008     6.447335    -37.73720 bp 7505
 316      9.7324215    -36.1344873   -0.0013685     7.811584    164.31100 bp 7505
 317     -4.5386674     78.3044412    0.0003836     1.010530     28.91600 bp 7505
 318      0.9431679     -2.3566921    0.0001222   -10.697537     24.09280 bp 7505
 319     -0.3101111      2.5351287   -0.0001900   -15.455649    -26.66263 bp 7505
 320     -0.0508126      1.8746510   -0.0001614   -17.764055     88.31096 bp 7505
 321      1.6927269     95.5709332   -0.0001218    -0.262904     52.71892 bp 7505
 322     -0.3457622      1.1109707   -0.0000638   -11.852675    -23.91002 bp 7505
 323     -1.4882294     19.5210221    0.0001310     1.384343     69.73346 bp 7505
 324     -0.0712143      0.3600436   -0.0000241   -13.831471    237.89767 bp 7505
 325     -0.0628141      0.1544052    0.0000144    19.203112    258.19912 bp 7505
 326      0.0056706      0.0069958   -0.0000013   -37.284785    -33.94585 bp 7505
 327     -0.0197872      0.0864131    0.0000025     5.984750    134.91051 bp 7505
 328      0.0038121      0.0071437   -0.0000011   -31.673848     60.14719 bp 7505
 329     -0.0069894     -0.0023852    0.0000001    -5.237124    -53.27559 bp 7505
 330     -7.2983696    -32.3246127    0.0010658    -6.801054   -135.39499 bp 7505
 331      1.5213760      0.2103293   -0.0000189   -18.509121   -140.21819 bp 7505
 332     -0.5006661      1.4350452   -0.0001619   -23.267233   -190.97363 bp 7505
 333     -0.0820664      1.4181248   -0.0001758   -25.575639    -76.00004 bp 7505
 334      2.7231406      9.6778762   -0.0003789    -8.074488   -111.59208 bp 7505
 335     -0.5578592      0.1456268   -0.0000139   -19.664259   -188.22101 bp 7505
 336     -2.3928226    -11.3603755    0.0003540    -6.427241    -94.57753 bp 7505
 337     -0.1149411      0.1440290   -0.0000151   -21.643055     73.58667 bp 7505
 338     -0.0997973      0.3980289    0.0000220    11.391528     93.88812 bp 7505
 339      0.0091792      0.0128132   -0.0000028   -45.096369   -198.25685 bp 7505
 340     -0.0317557     -0.6029354    0.0000053    -1.826834    -29.40049 bp 7505
 341      0.0061676      0.0110290   -0.0000021   -39.485432   -104.16380 bp 7505
 342     -0.0112602     -0.0181579    0.0000011   -13.048708   -217.58658 bp 7505
 343     -0.7077346      1.3625826   -0.0000773   -11.708067     -4.82320 bp 7505
 344      0.2327232     -1.6698503    0.0001333   -16.466179    -55.57864 bp 7505
 345      0.0381339     -1.2736948    0.0001159   -18.774585     59.39495 bp 7505
 346     -1.2698258    -16.8689162    0.0001041    -1.273434     23.80291 bp 7505
 347      0.2594594     -0.6738218    0.0000420   -12.863205    -52.82602 bp 7505
 348      1.1163524    -59.7895805   -0.0001084     0.373813     40.81746 bp 7505
 349      0.0534412     -0.2302448    0.0000166   -14.842001    208.98166 bp 7505
 350      0.0470587     -0.1217299   -0.0000107    18.192582    229.28311 bp 7505
 351     -0.0042567     -0.0054283    0.0000010   -38.295315    -62.86186 bp 7505
 352      0.0148399     -0.0819173   -0.0000020     4.974220    105.99450 bp 7505
 353     -0.0028614     -0.0053749    0.0000009   -32.684378     31.23119 bp 7505
 354      0.0052440      0.0038723   -0.0000001    -6.247654    -82.19159 bp 7505
 355     -0.0481900      2.4931087   -0.0000575    -4.758112    -50.75544 bp 7505
 356     -0.0078935      1.1078712   -0.0000380    -7.066518     64.21815 bp 7505
 357      0.2638570      0.7042448    0.0000356    10.434633     28.62611 bp 7505
 358     -0.0537606      5.4673186   -0.0000306    -1.155138    -48.00282 bp 7505
 359     -0.2320925     -0.4040769   -0.0000237    12.081880     45.64066 bp 7505
 360     -0.0110692      0.5820977   -0.0000088    -3.133934    213.80486 bp 7505
 361     -0.0098962      0.0140259    0.0000020    29.900649    234.10631 bp 7505
 362      0.0008792     -0.0011055    0.0000001   -26.587248    -58.03866 bp 7505
 363     -0.0030908     -0.0007099   -0.0000001    16.682287    110.81770 bp 7505
 364      0.0005913     -0.0002020    0.0000000   -20.976311     36.05439 bp 7505
 365     -0.0010881     -0.0105093   -0.0000003     5.460413    -77.36839 bp 7505
 366      0.0025925     -1.4350297    0.0000161    -2.308406    114.97359 bp 7505
 367     -0.0867534     -0.7338592   -0.0000541    15.192745     79.38155 bp 7505
 368      0.0176617      1.3231404    0.0000231     3.602974      2.75262 bp 7505
 369      0.0763213      0.5219519    0.0000426    16.839992     96.39610 bp 7505
 370      0.0036361      0.7394059    0.0000058     1.624178    264.56030 bp 7505
 371      0.0032648     -0.0014335   -0.0000002    34.658761    284.86175 bp 7505
 372     -0.0002886      0.0034970   -0.0000004   -21.829136     -7.28322 bp 7505
 373      0.0010169      0.0037975    0.0000004    21.440399    161.57314 bp 7505
 374     -0.0001941      0.0025738   -0.0000002   -16.218199     86.80983 bp 7505
 375      0.0003576      0.0060825    0.0000003    10.218525    -26.61295 bp 7505
 376     -0.0142147     -0.5383206   -0.0000457    17.501151    -35.59204 bp 7505
 377      0.0028929      0.5088158    0.0000146     5.911380   -112.22097 bp 7505
 378      0.0125062      0.4027649    0.0000374    19.148398    -18.57749 bp 7505
 379      0.0005956      0.1730381    0.0000033     3.932584    149.58671 bp 7505
 380      0.0005357      0.0021248    0.0000004    36.967167    169.88816 bp 7505
 381     -0.0000472      0.0037302   -0.0000004   -19.520730   -122.25681 bp 7505
 382      0.0001667      0.0034453    0.0000004    23.748805     46.59955 bp 7505
 383     -0.0000318      0.0031453   -0.0000002   -13.909793    -28.16376 bp 7505
 384      0.0000586      0.0037782    0.0000002    12.526931   -141.58654 bp 7505
 385     -0.0967285      0.3282724   -0.0000184   -11.589771    -76.62893 bp 7505
 386     -0.4163774      4.4622480    0.0000356     1.647247     17.01455 bp 7505
 387     -0.0199223      0.1050099   -0.0000069   -13.568567    185.17875 bp 7505
 388     -0.0175797      0.0426574    0.0000040    19.466016    205.48020 bp 7505
 389      0.0015862      0.0019370   -0.0000003   -37.021881    -86.66477 bp 7505
 390     -0.0055364      0.0228408    0.0000007     6.247654     82.19159 bp 7505
 391      0.0010664      0.0019955   -0.0000003   -31.410944      7.42828 bp 7505
 392     -0.0019554     -0.0004033    0.0000000    -4.974220   -105.99450 bp 7505
 393      0.0850872      0.2038961    0.0000131    13.237018     93.64348 bp 7505
 394      0.0040569     -0.3801764    0.0000036    -1.978796    261.80768 bp 7505
 395      0.0036311     -0.0046479   -0.0000007    31.055787    282.10913 bp 7505
 396     -0.0003222      0.0007406   -0.0000001   -25.432110    -10.03584 bp 7505
 397      0.0011333      0.0007853    0.0000001    17.837425    158.82052 bp 7505
 398     -0.0002167      0.0003206   -0.0000000   -19.821173     84.05721 bp 7505
 399      0.0003989      0.0040257    0.0000001     6.615551    -29.36557 bp 7505
 400      0.0175258     -0.0711577    0.0000052   -15.215814    168.16420 bp 7505
 401      0.0154228     -0.0406780   -0.0000035    17.818769    188.46565 bp 7505
 402     -0.0013961     -0.0017985    0.0000003   -38.669128   -103.67932 bp 7505
 403      0.0048655     -0.0295329   -0.0000007     4.600407     65.17704 bp 7505
 404     -0.0009385     -0.0017625    0.0000003   -33.058191     -9.58627 bp 7505
 405      0.0017196      0.0014602   -0.0000000    -6.621467   -123.00905 bp 7505
 406      0.0007489     -0.0007124   -0.0000001    33.034583     20.30145 bp 7505
 407     -0.0000663      0.0003714   -0.0000000   -23.453314   -271.84352 bp 7505
 408      0.0002335      0.0004313    0.0000000    19.816221   -102.98716 bp 7505
 409     -0.0000446      0.0002366   -0.0000000   -17.842377   -177.75047 bp 7505
 410      0.0000821      0.0010097    0.0000000     8.594347   -291.17325 bp 7505
 411     -0.0000603     -0.0000910    0.0000000   -56.487897   -292.14497 bp 7505
 412      0.0002036      0.0007076   -0.0000000   -13.218362   -123.28861 bp 7505
 413     -0.0000405     -0.0000677    0.0000000   -50.876960   -198.05192 bp 7505
 414      0.0000730      0.0001404   -0.0000000   -24.440236   -311.47470 bp 7505
 415     -0.0000186      0.0000257    0.0000000    43.269535    168.85636 bp 7505
 416      0.0000035     -0.0001389   -0.0000000     5.610937     94.09305 bp 7505
 417     -0.0000065      0.0000049    0.0000000    32.047661    -19.32973 bp 7505
 418     -0.0000125     -0.0000228    0.0000000   -37.658598    -74.76331 bp 7505
 419      0.0000229      0.0000345   -0.0000000   -11.221874   -188.18609 bp 7505
 420     -0.0000044      0.0000070    0.0000000    26.436724   -113.42278 bp 7505
 421                  -955.8401670    0.0145457    -3.138886   -165.12509 bp 7505
 422                   175.6561014   -0.0116245   -13.650058   -279.49735 bp 7505
 423                  -140.0768402    0.0088375   -13.013341   -291.39881 bp 7505
 424                    49.1073176   -0.0030092   -12.639528   -250.58135 bp 7505
 425                  -619.0448145    0.0029768    -0.991874    -58.56113 bp 7505
 426                    30.9437185   -0.0021039   -14.023871   -320.31481 bp 7505
 427                   -11.7272800    0.0012514   -22.009553    -99.51761 bp 7505
 428                   -86.2637673    0.0009000    -2.151964   -125.49390 bp 7505
 429                   -13.1623006    0.0007659   -12.002811   -262.48280 bp 7505
 430                   104.9071909    0.0005808     1.142024    -86.25636 bp 7505
 431                    -8.9219252    0.0005353   -12.376624   -303.30026 bp 7505
 432                    -4.8774356    0.0003378   -14.286775   -267.59589 bp 7505
 433                    31.3167980   -0.0003012    -1.983748   -117.12227 bp 7505
 434                    -3.4704968    0.0002467   -14.660588   -308.41335 bp 7505
 435                    -2.5382109    0.0001627   -13.218362   -123.28861 bp 7505
 436                    16.2099687   -0.0001555    -1.978796    -98.19232 bp 7505
 437                     1.6086233   -0.0001108   -14.210236   -181.84975 bp 7505
 438                     0.6510606    0.0000112     3.539342    -43.53791 bp 7505
 439                   199.5143928   -0.0101672   -10.511172   -114.37226 bp 7505
 440                  -161.4617477    0.0077296    -9.874455   -126.27372 bp 7505
 441                    57.1415152   -0.0026320    -9.500642    -85.45626 bp 7505
 442                   250.1334434    0.0026036     2.147012    106.56395 bp 7505
 443                    34.8690578   -0.0018401   -10.884985   -155.18972 bp 7505
 444                   -11.9632424    0.0010945   -18.870667     65.60748 bp 7505
 445                   164.5160333    0.0007872     0.986922     39.63118 bp 7505
 446                   -15.5889311    0.0006699    -8.863925    -97.35771 bp 7505
 447                    24.4777801    0.0005080     4.280910     78.86873 bp 7505
 448                   -10.4549695    0.0004682    -9.237738   -138.17518 bp 7505
 449                    -5.4671470    0.0002955   -11.147889   -102.47081 bp 7505
 450                   -47.0389500   -0.0002634     1.155138     48.00282 bp 7505
 451                    -3.8623714    0.0002157   -11.521702   -143.28827 bp 7505
 452                    -2.9113540    0.0001423   -10.079476     41.83648 bp 7505
 453                   -24.1835000   -0.0001360     1.160090     66.93277 bp 7505
 454                     1.8058542   -0.0000969   -11.071350    -16.72466 bp 7505
 455                     0.3017938    0.0000098     6.678228    121.58718 bp 7505
 456                 -2001.1205644   -0.0061772     0.636717    -11.90146 bp 7505
 457                   429.3311611    0.0021034     1.010530     28.91600 bp 7505
 458                   -33.9056243   -0.0020807    12.658184    220.93622 bp 7505
 459                  -811.4290719    0.0014706    -0.373813    -40.81746 bp 7505
 460                    21.5820666   -0.0008747    -8.359495    179.97974 bp 7505
 461                   -11.2850145   -0.0006291    11.498094    154.00345 bp 7505
 462                   -67.0379310   -0.0005354     1.647247     17.01455 bp 7505
 463                    -5.6612944   -0.0004060    14.792082    193.24100 bp 7505
 464                   -60.6106424   -0.0003742     1.273434    -23.80291 bp 7505
 465                    76.4969043   -0.0002361    -0.636717     11.90146 bp 7505
 466                     3.7221588    0.0002105    11.666310    162.37508 bp 7505
 467                    35.1931691   -0.0001724    -1.010530    -28.91600 bp 7505
 468                   -54.3240161   -0.0001137     0.431696    156.20874 bp 7505
 469                     1.9210114    0.0001087    11.671262    181.30503 bp 7505
 470                   -28.5229304    0.0000775    -0.560178     97.64761 bp 7505
 471                    -0.0937018   -0.0000078    17.189400    235.95944 bp 7505
 472                  -882.3576022   -0.0015991     0.373813     40.81746 bp 7505
 473                    27.1420779    0.0015819    12.021467    232.83767 bp 7505
 474                   228.1986987   -0.0011180    -1.010530    -28.91600 bp 7505
 475                   -15.2465225    0.0006650    -8.996212    191.88120 bp 7505
 476                     9.0823974    0.0004783    10.861377    165.90491 bp 7505
 477                    83.0782858    0.0004070     1.010530     28.91601 bp 7505
 478                     4.4976057    0.0003087    14.155365    205.14245 bp 7505
 479                    92.1586901    0.0002845     0.636717    -11.90146 bp 7505
 480                   -29.0784515    0.0001795    -1.273434     23.80291 bp 7505
 481                    -2.9931352   -0.0001601    11.029593    174.27654 bp 7505
 482                   -16.4136917    0.0001311    -1.647247    -17.01455 bp 7505
 483                   -86.9618873    0.0000864    -0.205021    168.11020 bp 7505
 484                    -1.5447234   -0.0000826    11.034545    193.20649 bp 7505
 485                    10.1489602   -0.0000589    -1.196895    109.54906 bp 7505
 486                     0.0739771    0.0000059    16.552683    247.86090 bp 7505
 487                    -9.5385865   -0.0005386    11.647654    192.02021 bp 7505
 488                   -56.7205701    0.0003807    -1.384343    -69.73347 bp 7505
 489                     4.9843858   -0.0002264    -9.370025    151.06374 bp 7505
 490                    -3.2028211   -0.0001628    10.487564    125.08744 bp 7505
 491                   -44.8964719   -0.0001386     0.636717    -11.90146 bp 7505
 492                    -1.5729910   -0.0001051    13.781552    164.32499 bp 7505
 493                   -75.9989280   -0.0000969     0.262904    -52.71892 bp 7505
 494                     7.6543957   -0.0000611    -1.647247    -17.01455 bp 7505
 495                     1.0549272    0.0000545    10.655780    133.45908 bp 7505
 496                     4.5552028   -0.0000446    -2.021060    -57.83201 bp 7505
 497                    10.4880607   -0.0000294    -0.578834    127.29274 bp 7505
 498                     0.5444275    0.0000281    10.660732    152.38903 bp 7505
 499                    -2.6333226    0.0000201    -1.570708     68.73160 bp 7505
 500                    -0.0257715   -0.0000020    16.178870    207.04344 bp 7505
 501                     5.9603924   -0.0003766   -13.031997   -261.75368 bp 7505
 502                    -2.1982100    0.0002240   -21.017679    -40.95647 bp 7505
 503                   -28.6429110    0.0001611    -1.160090    -66.93277 bp 7505
 504                    -2.5682418    0.0001371   -11.010937   -203.92167 bp 7505
 505                    10.0496803    0.0001040     2.133898    -27.69522 bp 7505
 506                    -1.7361318    0.0000958   -11.384750   -244.73913 bp 7505
 507                    -0.9381798    0.0000605   -13.294901   -209.03476 bp 7505
 508                    11.2112170   -0.0000539    -0.991874    -58.56113 bp 7505
 509                    -0.6662862    0.0000442   -13.668714   -249.85222 bp 7505
 510                    -0.4911894    0.0000291   -12.226488    -64.72748 bp 7505
 511                     5.8176258   -0.0000278    -0.986922    -39.63118 bp 7505
 512                     0.3095447   -0.0000198   -13.218362   -123.28861 bp 7505
 513                     0.0910279    0.0000020     4.531216     15.02323 bp 7505
 514                     4.0888740   -0.0001583    -7.985682    220.79720 bp 7505
 515                    -1.9781088   -0.0001139    11.871907    194.82091 bp 7505
 516                    -9.8887818   -0.0000969     2.021060     57.83201 bp 7505
 517                    -0.9993547   -0.0000735    15.165895    234.05846 bp 7505
 518                    -8.4802621   -0.0000677     1.647247     17.01455 bp 7505
 519                    33.5301724   -0.0000427    -0.262904     52.71892 bp 7505
 520                     0.6527399    0.0000381    12.040123    203.19254 bp 7505
 521                    10.1088980   -0.0000312    -0.636717     11.90146 bp 7505
 522                    -5.2691695   -0.0000206     0.805509    197.02620 bp 7505
 523                     0.3368844    0.0000197    12.045075    222.12249 bp 7505
 524                   -15.5166696    0.0000140    -0.186365    138.46507 bp 7505
 525                    -0.0165977   -0.0000014    17.563213    276.77691 bp 7505
 526                     0.7034160    0.0000677    19.857589    -25.97629 bp 7505
 527                     1.1879479    0.0000576    10.006742   -162.96519 bp 7505
 528                     0.3893814    0.0000437    23.151577     13.26125 bp 7505
 529                     0.8625370    0.0000403     9.632929   -203.78265 bp 7505
 530                     0.6789340    0.0000254     7.722778   -168.07828 bp 7505
 531                    -0.2334260   -0.0000227    20.025805    -17.60466 bp 7505
 532                     0.5209454    0.0000186     7.348965   -208.89574 bp 7505
 533                     0.2871660    0.0000122     8.791191    -23.77100 bp 7505
 534                    -0.1204928   -0.0000117    20.030757      1.32529 bp 7505
 535                    -0.2205334   -0.0000083     7.799317    -82.33214 bp 7505
 536                     0.0067865    0.0000008    25.548895     55.97970 bp 7505
 537                    -0.8679035    0.0000414    -9.850847   -136.98890 bp 7505
 538                     1.9682883    0.0000314     3.293988     39.23755 bp 7505
 539                    -0.5844430    0.0000290   -10.224660   -177.80636 bp 7505
 540                    -0.3107585    0.0000183   -12.134811   -142.10199 bp 7505
 541                   -19.9860418   -0.0000163     0.168216      8.37163 bp 7505
 542                    -0.2201221    0.0000133   -12.508624   -182.91945 bp 7505
 543                    -0.1640700    0.0000088   -11.066398      2.20529 bp 7505
 544                   -10.0241094   -0.0000084     0.173168     27.30158 bp 7505
 545                     0.1025890   -0.0000060   -12.058272    -56.35584 bp 7505
 546                     0.0219110    0.0000006     5.691306     81.95600 bp 7505
 547                     0.4197657    0.0000268    13.144835    176.22645 bp 7505
 548                   -13.6046685    0.0000247    -0.373813    -40.81746 bp 7505
 549                    -1.4051351    0.0000156    -2.283964     -5.11309 bp 7505
 550                    -0.2855738   -0.0000139    10.019063    145.36053 bp 7505
 551                    -0.8816700    0.0000114    -2.657777    -45.93055 bp 7505
 552                    -1.2711996    0.0000075    -1.215551    139.19419 bp 7505
 553                    -0.1473748   -0.0000072    10.024015    164.29048 bp 7505
 554                     0.4769263   -0.0000051    -2.207425     80.63306 bp 7505
 555                     0.0068283    0.0000005    15.542153    218.94490 bp 7505
 556                    -0.2852823    0.0000187   -13.518648   -217.04391 bp 7505
 557                    -0.1577397    0.0000118   -15.428799   -181.33954 bp 7505
 558                     0.6941509   -0.0000105    -3.125772    -30.86591 bp 7505
 559                    -0.1124505    0.0000086   -15.802612   -222.15700 bp 7505
 560                    -0.0815993    0.0000057   -14.360386    -37.03226 bp 7505
 561                     0.3589730   -0.0000054    -3.120820    -11.93596 bp 7505
 562                     0.0520033   -0.0000039   -15.352260    -95.59339 bp 7505
 563                     0.0335711    0.0000004     2.397318     42.71845 bp 7505
 564                    -1.1743178    0.0000109    -1.910151     35.70437 bp 7505
 565                    -0.1924224   -0.0000097    10.392876    186.17800 bp 7505
 566                    -0.7171027    0.0000079    -2.283964     -5.11309 bp 7505
 567                    -1.2830867    0.0000052    -0.841738    180.01165 bp 7505
 568                    -0.0993043   -0.0000050    10.397828    205.10795 bp 7505
 569                     0.4013061   -0.0000036    -1.833612    121.45052 bp 7505
 570                     0.0046606    0.0000004    15.915966    259.76236 bp 7505
 571                    -0.1025757   -0.0000061    12.303027    150.47363 bp 7505
 572                    -2.7649113    0.0000050    -0.373813    -40.81746 bp 7505
 573                     0.6379090    0.0000033     1.068413    144.30728 bp 7505
 574                    -0.0529406   -0.0000032    12.307979    169.40358 bp 7505
 575                    -6.0668802   -0.0000023     0.076539     85.74615 bp 7505
 576                     0.0026259    0.0000002    17.826117    224.05799 bp 7505
 577                     0.0726880   -0.0000045   -12.676840   -191.29109 bp 7505
 578                     0.0540851   -0.0000029   -11.234614     -6.16634 bp 7505
 579                   117.3095137    0.0000028     0.004952     18.92995 bp 7505
 580                    -0.0338598    0.0000020   -12.226488    -64.72748 bp 7505
 581                    -0.0075560   -0.0000002     5.523090     73.58436 bp 7505
 582                     0.3450499    0.0000024     1.442226    185.12474 bp 7505
 583                    -0.0375156   -0.0000023    12.681792    210.22104 bp 7505
 584                    -0.7528586   -0.0000016     0.450352    126.56361 bp 7505
 585                     0.0018780    0.0000002    18.199930    264.87545 bp 7505
 586                    -0.0279130   -0.0000015    11.239566     25.09629 bp 7505
 587                     0.2254090   -0.0000011    -0.991874    -58.56113 bp 7505
 588                     0.0013449    0.0000001    16.757704     79.75070 bp 7505
 589                    -0.0174754    0.0000010   -12.231440    -83.65743 bp 7505
 590                    -0.0039048   -0.0000001     5.518138     54.65441 bp 7505
 591                    -0.0008651   -0.0000001    17.749578    138.31184 bp 7505
    1   0.18607980D-01     54.750768       32.442000          23671.
    2   0.16275220D-01     57.889654      197.567088          22387.
    3  -0.13006600D-01     68.400826      311.939351          18947.
    4   0.98882900D-02     67.764109      323.840808          19125.
    5  -0.33670000D-02     67.390296      283.023346          19231.
    6   0.33307700D-02     55.742642       91.003135          23250.
    7  -0.23540000D-02     68.774639      352.756812          18844.
    8   0.14001500D-02     76.760321      131.959610          16884.
    9   0.10070000D-02     56.902732      157.935903          22776.
   10   0.85700000D-03     66.753579      294.924802          19415.
   11   0.64990000D-03     53.608744      118.698356          24175.
   12   0.59900000D-03     67.127392      335.742265          19307.
   13   0.37800000D-03     69.037543      300.037895          18772.
   14  -0.33700000D-03     56.734516      149.564269          22843.
   15   0.27600000D-03     69.411356      340.855355          18671.
   16   0.18200000D-03     67.969130      155.730611          19067.
   17  -0.17400000D-03     56.729564      130.634319          22845.
   18  -0.12400000D-03     68.961004      214.291746          18793.
   19   0.12500000D-04     51.211426       75.979907          25307.
   20   0.66189667D-03     86.465032      285.093902          14989.
   21   0.78168488D-04     99.683394       48.382512          13001.
   22   0.22880236D-03     87.475562      314.009906          14816.
   23   0.40941396D-04     98.523304      341.449745          13154.
   24   0.11104849D-03     86.838845      325.911363          14924.
   25   0.18095184D-03     79.027261      161.600366          16399.
   26  -0.83419219D-04     85.828315      296.995358          15100.
   27   0.17116918D-04     97.536382      301.818559          13287.
   28   0.31057980D-04     87.101749      273.192445          14879.
   29  -0.27367651D-04     85.454502      256.177898          15166.
   30   0.57891904D-03     89.603918       90.218989          14464.
   31   0.68369019D-04    102.822280      213.507599          12604.
   32   0.20011892D-03     90.614448      119.134993          14302.
   33   0.35808843D-04    101.662190      146.574832          12748.
   34   0.97127073D-04     89.977731      131.036450          14404.
   35   0.15826710D-03     82.166147      326.725454          15773.
   36  -0.72961500D-04     88.967201      102.120446          14567.
   37   0.14971082D-04    100.675268      106.943647          12873.
   38   0.27164445D-04     90.240635       78.317532          14362.
   39  -0.23936749D-04     88.593388       61.302985          14629.
   40  -0.46265233D-03    100.115090      204.591253          12945.
   41  -0.54638185D-04    113.333452      327.879863          11435.
   42  -0.15992820D-03    101.125620      233.507257          12816.
   43  -0.28617204D-04    112.173362      260.947096          11554.
   44  -0.77620640D-04    100.488903      245.408713          12897.
   45  -0.12648166D-03     92.677319       81.097717          13984.
   46   0.58308339D-04     99.478373      216.492709          13028.
   47  -0.11964378D-04    111.186440      221.315910          11656.
   48  -0.21708897D-04    100.751807      192.689796          12863.
   49   0.19129432D-04     99.104560      175.675248          13077.
   50   0.35173223D-03     99.478373      216.492710          13028.
   51   0.41538774D-04    112.696735      339.781320          11500.
   52   0.12158569D-03    100.488903      245.408714          12897.
   53   0.21756279D-04    111.536645      272.848553          11619.
   54   0.59011225D-04     99.852186      257.310171          12979.
   55   0.96157898D-04     92.040602       92.999174          14081.
   56  -0.44329015D-04     98.841656      228.394167          13112.
   57   0.16504226D-04    100.115090      204.591253          12945.
   58  -0.14543184D-04     98.467843      187.576706          13162.
   59  -0.11976615D-03     99.104560      175.675248          13077.
   60  -0.14144109D-04    112.322922      298.963858          11538.
   61  -0.41400386D-04    100.115090      204.591252          12945.
   62  -0.20093544D-04     99.478373      216.492709          13028.
   63  -0.32742127D-04     91.666789       52.181712          14138.
   64   0.15094197D-04     98.467843      187.576704          13162.
   65   0.11847743D-03     87.456906      343.655037          14819.
   66   0.13991914D-04    100.675268      106.943647          12873.
   67   0.40954905D-04     88.467436       12.571041          14649.
   68   0.19877331D-04     87.830719       24.472498          14756.
   69   0.32389811D-04     80.019135      220.161501          16196.
   70  -0.14931778D-04     86.820189      355.556493          14927.
   71  -0.83733149D-04    100.488903      245.408714          12897.
   72  -0.28944612D-04    101.499433      274.324718          12769.
   73  -0.14048174D-04    100.862716      286.226175          12849.
   74  -0.22891288D-04     93.051132      121.915178          13928.
   75   0.10552937D-04     99.852186      257.310170          12979.
   76   0.49804150D-04    108.474585       24.611511          11947.
   77   0.17216142D-04    109.485115       53.527516          11837.
   78   0.13615649D-04    101.036814      261.117976          12827.
   79   0.35819576D-04     88.616996       50.587804          14625.
   80   0.12381998D-04     89.627526       79.503808          14460.
   81   0.30483988D-04     98.467843      187.576704          13162.
   82   0.10537609D-04     99.478373      216.492708          13028.
   83   0.23117321D-04     85.323008       11.350257          15189.
   84   0.21306778D-04     98.841656      228.394166          13112.
   85   0.13445680D-04    100.751807      192.689796          12863.
   86  -0.11987286D-04     88.448780       42.216171          14653.
   87   0.66189667D-03     23.036504      319.790099          56259.
   88   0.78168488D-04      9.818142      196.501488         132001.
   89   0.22880236D-03     22.025974      290.874095          58840.
   90   0.40941396D-04     10.978232      263.434256         118052.
   91   0.11104849D-03     22.662691      278.972638          57187.
   92   0.18095184D-03     30.474275       83.283634          42528.
   93  -0.83419219D-04     23.673221      307.888642          54745.
   94   0.17116918D-04     11.965154      303.065441         108315.
   95   0.31057980D-04     22.399787      331.691555          57858.
   96  -0.27367651D-04     24.047034      348.706103          53894.
   97   0.57891904D-03     26.175390      124.915186          49512.
   98   0.68369019D-04     12.957028        1.626576         100023.
   99   0.20011892D-03     25.164860       95.999182          51500.
  100   0.35808843D-04     14.117118       68.559343          91803.
  101   0.97127073D-04     25.801577       84.097725          50229.
  102   0.15826710D-03     33.613161      248.408721          38556.
  103  -0.72961500D-04     26.812107      113.013729          48336.
  104   0.14971082D-04     15.104040      108.190528          85805.
  105   0.27164445D-04     25.538673      136.816643          50747.
  106  -0.23936749D-04     27.185920      153.831190          47672.
  107  -0.46265233D-03     36.686562      239.287449          35326.
  108  -0.54638185D-04     23.468200      115.998839          55224.
  109  -0.15992820D-03     35.676032      210.371445          36327.
  110  -0.28617204D-04     24.628290      182.931606          52622.
  111  -0.77620640D-04     36.312749      198.469989          35690.
  112  -0.12648166D-03     44.124333        2.780985          29372.
  113   0.58308339D-04     37.323279      227.385993          34724.
  114  -0.11964378D-04     25.615212      222.562792          50595.
  115  -0.21708897D-04     36.049845      251.188906          35950.
  116   0.19129432D-04     37.697092      268.203454          34379.
  117   0.35173223D-03     36.049845      251.188907          35950.
  118   0.41538774D-04     22.831483      127.900296          56764.
  119   0.12158569D-03     35.039315      222.272903          36987.
  120   0.21756279D-04     23.991573      194.833064          54019.
  121   0.59011225D-04     35.676032      210.371446          36327.
  122   0.96157898D-04     43.487616       14.682442          29802.
  123  -0.44329015D-04     36.686562      239.287450          35326.
  124   0.16504226D-04     35.413128      263.090363          36597.
  125  -0.14543184D-04     37.060375      280.104911          34970.
  126  -0.11976615D-03     35.676032      210.371445          36327.
  127  -0.14144109D-04     22.457670       87.082834          57709.
  128  -0.41400386D-04     34.665502      181.455441          37386.
  129  -0.20093544D-04     35.302219      169.553984          36712.
  130  -0.32742127D-04     43.113803      333.864980          30060.
  131   0.15094197D-04     36.312749      198.469988          35690.
  132   0.11847743D-03     24.028378       18.351234          53936.
  133   0.13991914D-04     10.810016      255.062623         119889.
  134   0.40954905D-04     23.017848      349.435229          56304.
  135   0.19877331D-04     23.654565      337.533773          54789.
  136   0.32389811D-04     31.466149      141.844769          41187.
  137  -0.14931778D-04     24.665095        6.449777          52544.
  138  -0.83733149D-04     37.060375      280.104911          34970.
  139  -0.28944612D-04     36.049845      251.188907          35950.
  140  -0.14048174D-04     36.686562      239.287450          35326.
  141  -0.22891288D-04     44.498146       43.598446          29125.
  142   0.10552937D-04     37.697092      268.203454          34379.
  143   0.49804150D-04     45.046057       59.307708          28771.
  144   0.17216142D-04     44.035527       30.391704          29431.
  145   0.13615649D-04     52.483828      182.801244          24693.
  146   0.35819576D-04     25.188468       85.284001          51452.
  147   0.12381998D-04     24.177938       56.367997          53603.
  148   0.30483988D-04     35.039315      222.272901          36987.
  149   0.10537609D-04     34.028785      193.356897          38085.
  150   0.23117321D-04     21.894480       46.046454          59193.
  151   0.21306778D-04     35.413128      263.090363          36597.
  152   0.13445680D-04     37.323279      227.385993          34724.
  153  -0.11987286D-04     25.020252       76.912368          51798.
       153
