


      23.372734     23.323675     50.407838     50.436054      3.400114
   19   15  240  411    23.32367453    50.40783816    50.43605359     3.40011420        in 7505
   1          0.01860798           4.2072050           28.561656          a 7505
   2          0.01627522           7.3460910          193.686743          a 7505
   3         -0.01300660          17.8572630          308.059006          a 7505
   4          0.00988829          17.2205460          319.960464          a 7505
   5         -0.00336700          16.8467330          279.143002          a 7505
   6          0.00333077           5.1990790           87.122791          a 7505
   7         -0.00235400          18.2310760          348.876468          a 7505
   8          0.00140015          26.2167580          128.079265          a 7505
   9          0.00100700           6.3591690          154.055558          a 7505
  10          0.00085700          16.2100160          291.044458          a 7505
  11          0.00064990           3.0651810          114.818011          a 7505
  12          0.00059900          16.5838290          331.861920          a 7505
  13          0.00037800          18.4939800          296.157550          a 7505
  14         -0.00033700           6.1909530          145.683925          a 7505
  15          0.00027600          18.8677930          336.975010          a 7505
  16          0.00018200          17.4255670          151.850266          a 7505
  17         -0.00017400           6.1860010          126.753974          a 7505
  18         -0.00012400          18.4174410          210.411401          a 7505
  19          0.00001250           0.6678630           72.099562          a 7505
   1        0.0000000001        0.0000000000      106.1532140000          b 7505
   2        0.0200397209      -18.8292990000      248.7715569584          b 7505
   3        0.0120758309       -5.6109370000       12.0601673195          b 7505
   4        0.0076090466      -17.8187690000      277.6875610972          b 7505
   5        0.0050825542       -6.7710270000      305.1273999584          b 7505
   6        0.0034807193      -18.4554860000      289.5890178055          b 7505
   7        0.0028077161      -26.2670700000      125.2780215834          b 7505
   8       -0.0023831341      -19.4660160000      260.6730136666          b 7505
   9        0.0018053573       -7.7579490000      265.4962147084          b 7505
  10       -0.0017312600       -2.9998370000      316.2516525972          b 7505
  11       -0.0012985547       -0.6914310000      201.2780607916          b 7505
  12        0.0009975096      -18.1925820000      236.8701002500          b 7505
  13       -0.0008017126       -6.6028110000      313.4990332916          b 7505
  14       -0.0007557246      -19.8398290000      219.8555528195          b 7505
  15       -0.0002479389       -4.6240150000       51.6913525695          b 7505
   1     -0.0000000      0.0000000    0.0000000    50.407838    109.55333 bp 7505
   2  -2464.6707887   7403.2538591    1.1334165    31.578539    252.17167 bp 7505
   3   -311.9820271    873.6085792    0.1897316    44.796901     15.46028 bp 7505
   4   -858.1458735   2559.2982646    0.4043596    32.589069    281.08768 bp 7505
   5   -162.6704585    457.6110770    0.0968109    43.636811    308.52751 bp 7505
   6   -414.6835295   1242.2586562    0.1924375    31.952352    292.98913 bp 7505
   7   -630.1426444   2026.7259993    0.2372034    24.140768    128.67814 bp 7505
   8    309.2465078   -933.2891231   -0.1400029    30.941822    264.07313 bp 7505
   9    -67.7356516    191.3308339    0.0395620    42.649889    268.89633 bp 7505
  10     22.5960975    -62.6681185   -0.0144037    47.408001    319.65177 bp 7505
  11      3.7250705    -10.2516483   -0.0024710    49.716407    204.67817 bp 7505
  12   -116.1916633    347.4264085    0.0542624    32.215256    240.27021 bp 7505
  13     24.9257798    -70.0713563   -0.0148812    43.805027    316.89915 bp 7505
  14    101.1717965   -306.2020519   -0.0453785    30.568009    223.25567 bp 7505
  15      5.1650792    -14.4090521   -0.0031983    45.783823     55.09147 bp 7505
  16     -0.0000000      0.0000000    0.0000000   100.815676    219.10666 bp 7505
  17    -22.1154833     99.7072144    0.0305298    63.157078    504.34334 bp 7505
  18     -0.3303401      1.5279110    0.0006637    89.593802     30.92056 bp 7505
  19     -2.6619316     12.0301999    0.0038015    65.178138    562.17535 bp 7505
  20     -0.0902236      0.4165540    0.0001763    87.273622    617.05503 bp 7505
  21     -0.6243724      2.8175084    0.0008729    63.904704    585.97826 bp 7505
  22     -1.5479210      6.8357175    0.0016001    48.281536    257.35627 bp 7505
  23     -0.3498130      1.5746604    0.0004724    61.883644    528.14626 bp 7505
  24     -0.0157079      0.0724063    0.0000299    85.299778    537.79266 bp 7505
  25     -0.0017163      0.0079688    0.0000037    94.816002    639.30353 bp 7505
  26     -0.0000463      0.0002156    0.0000001    99.432814    409.35635 bp 7505
  27     -0.0489275      0.2209257    0.0000690    64.430512    480.54043 bp 7505
  28     -0.0021169      0.0097762    0.0000042    87.610054    633.79829 bp 7505
  29     -0.0375476      0.1688602    0.0000500    61.136018    446.51133 bp 7505
  30     -0.0000902      0.0004178    0.0000002    91.567646    110.18293 bp 7505
  31      0.0000000     -0.0000000   -0.0000000    81.986377    361.72500 bp 7505
  32      0.0000000      0.0000000    0.0000000    95.204739    125.01361 bp 7505
  33     -0.0000000      0.0000000    0.0000000    82.996907    390.64100 bp 7505
  34     -0.0000000      0.0000000    0.0000000    94.044649    418.08084 bp 7505
  35     -0.0000000      0.0000000    0.0000000    82.360190    402.54246 bp 7505
  36      0.0000000     -0.0000000   -0.0000000    74.548606    238.23146 bp 7505
  37     -0.0000000      0.0000000    0.0000000    81.349660    373.62646 bp 7505
  38     -0.0000000      0.0000000    0.0000000    93.057727    378.44966 bp 7505
  39     -0.0000000      0.0000000    0.0000000    97.815839    429.20509 bp 7505
  40      0.0000000     -0.0000000   -0.0000000   100.124245    314.23150 bp 7505
  41     -0.0000000     -0.0000000   -0.0000000    82.623094    349.82354 bp 7505
  42      0.0000000     -0.0000000   -0.0000000    94.212865    426.45248 bp 7505
  43     -0.0000000      0.0000000    0.0000000    80.975847    332.80900 bp 7505
  44      0.0000000     -0.0000000   -0.0000000    96.191661    164.64479 bp 7505
  45     -5.4419482     24.7576901    0.0091672    76.375440    267.63195 bp 7505
  46    -15.3463067     69.2694305    0.0215493    64.167608    533.25935 bp 7505
  47     -2.8414983     12.9219394    0.0047120    75.215350    560.69919 bp 7505
  48     -7.4319690     33.5218189    0.0103249    63.530891    545.16080 bp 7505
  49    -11.7620442     52.3305704    0.0141363    55.719307    380.84981 bp 7505
  50      5.5629837    -25.0606209   -0.0075961    62.520361    516.24480 bp 7505
  51     -1.1847524      5.3856829    0.0019381    74.228428    521.06800 bp 7505
  52      0.3930770     -1.7895971   -0.0006853    78.986540    571.82344 bp 7505
  53      0.0646743     -0.2945931   -0.0001161    81.294946    456.84985 bp 7505
  54     -2.0804895      9.3868791    0.0029032    63.793795    492.44189 bp 7505
  55      0.4353060     -1.9797110   -0.0007235    75.383566    569.07082 bp 7505
  56      1.8226331     -8.2067266   -0.0024726    62.146548    475.42734 bp 7505
  57      0.0899963     -0.4095560   -0.0001536    77.362362    307.26314 bp 7505
  58     -1.8857222      8.5951524    0.0032247    77.385970    296.54796 bp 7505
  59     -0.3452908      1.5955888    0.0006841    88.433712    323.98780 bp 7505
  60     -0.9139540      4.1609328    0.0015482    76.749253    308.44941 bp 7505
  61     -1.4633028      6.5279296    0.0021818    68.937669    144.13842 bp 7505
  62      0.6850091     -3.1124492   -0.0011429    75.738723    279.53341 bp 7505
  63     -0.1440853      0.6652568    0.0002820    87.446790    284.35661 bp 7505
  64      0.0476291     -0.2207014   -0.0000987    92.204902    335.11205 bp 7505
  65      0.0078243     -0.0363057   -0.0000166    94.513308    220.13846 bp 7505
  66     -0.2557654      1.1649881    0.0004350    77.012157    255.73050 bp 7505
  67      0.0528899     -0.2444382   -0.0001050    88.601928    332.35943 bp 7505
  68      0.2245452     -1.0194695   -0.0003725    75.364910    238.71595 bp 7505
  69      0.0109178     -0.0505345   -0.0000222    90.580724     70.55175 bp 7505
  70     -0.9847092      4.4862892    0.0016579    76.225880    589.61519 bp 7505
  71     -2.5784631     11.6440397    0.0036435    64.541421    574.07681 bp 7505
  72     -4.0855111     18.1866012    0.0050019    56.729837    409.76581 bp 7505
  73      1.9302822     -8.7054740   -0.0026813    63.530891    545.16080 bp 7505
  74     -0.4106022      1.8698840    0.0006821    75.238958    549.98400 bp 7505
  75      0.1361831     -0.6212483   -0.0002409    79.997070    600.73944 bp 7505
  76      0.0224034     -0.1022600   -0.0000408    82.305476    485.76585 bp 7505
  77     -0.7217859      3.2605520    0.0010244    64.804325    521.35789 bp 7505
  78      0.1508515     -0.6873200   -0.0002546    76.394096    597.98682 bp 7505
  79      0.6324608     -2.8508863   -0.0008729    63.157078    504.34334 bp 7505
  80      0.0311830     -0.1421817   -0.0000540    78.372892    336.17914 bp 7505
  81     -0.4772339      2.1717723    0.0007959    75.589163    601.51665 bp 7505
  82     -0.7635048      3.4061251    0.0011192    67.777579    437.20565 bp 7505
  83      0.3576557     -1.6244616   -0.0005874    74.578633    572.60064 bp 7505
  84     -0.0752939      0.3473430    0.0001453    86.286700    577.42384 bp 7505
  85      0.0248958     -0.1152457   -0.0000509    91.044812    628.17928 bp 7505
  86      0.0040902     -0.0189591   -0.0000086    93.353218    513.20569 bp 7505
  87     -0.1335545      0.6080640    0.0002236    75.852067    548.79773 bp 7505
  88      0.0276403     -0.1276296   -0.0000541    87.441838    625.42666 bp 7505
  89      0.1172352     -0.5320779   -0.0001914    74.204820    531.78318 bp 7505
  90      0.0057063     -0.0263871   -0.0000114    89.420634    363.61898 bp 7505
  91     -1.9771652      8.7984428    0.0023927    56.093120    421.66727 bp 7505
  92      0.9347567     -4.2127789   -0.0012846    62.894174    557.06226 bp 7505
  93     -0.1989866      0.9051754    0.0003274    74.602241    561.88546 bp 7505
  94      0.0660113     -0.3007623   -0.0001157    79.360353    612.64090 bp 7505
  95      0.0108605     -0.0495086   -0.0000196    81.668759    497.66731 bp 7505
  96     -0.3495667      1.5779257    0.0004909    64.167608    533.25935 bp 7505
  97      0.0731099     -0.3327266   -0.0001222    75.757379    609.88828 bp 7505
  98      0.3062655     -1.3795909   -0.0004182    62.520361    516.24480 bp 7505
  99      0.0151141     -0.0688318   -0.0000259    77.736175    348.08060 bp 7505
 100      1.4782401     -6.5743375   -0.0017557    55.082590    392.75126 bp 7505
 101     -0.3181343      1.4192374    0.0004596    66.790657    397.57446 bp 7505
 102      0.1058551     -0.4721647   -0.0001638    71.548769    448.32990 bp 7505
 103      0.0174376     -0.0777636   -0.0000278    73.857175    333.35631 bp 7505
 104     -0.5536446      2.4640775    0.0006732    56.356024    368.94835 bp 7505
 105      0.1169784     -0.5218604   -0.0001719    67.945795    445.57728 bp 7505
 106      0.4841102     -2.1525168   -0.0005709    54.708777    351.93380 bp 7505
 107      0.0242137     -0.1080154   -0.0000366    69.924591    183.76960 bp 7505
 108      0.1491159     -0.6770384   -0.0002416    73.591711    532.96946 bp 7505
 109     -0.0494846      0.2249930    0.0000855    78.349823    583.72489 bp 7505
 110     -0.0081426      0.0370385    0.0000145    80.658229    468.75130 bp 7505
 111      0.2616794     -1.1796858   -0.0003612    63.157078    504.34334 bp 7505
 112     -0.0547919      0.2488772    0.0000902    74.746849    580.97228 bp 7505
 113     -0.2292152      1.0313093    0.0003075    61.509831    487.32879 bp 7505
 114     -0.0113289      0.0514889    0.0000192    76.725645    319.16459 bp 7505
 115      0.0103900     -0.0480526   -0.0000210    90.057890    588.54810 bp 7505
 116      0.0017072     -0.0079055   -0.0000035    92.366296    473.57450 bp 7505
 117     -0.0556877      0.2534378    0.0000920    74.865145    509.16654 bp 7505
 118      0.0115334     -0.0532121   -0.0000223    86.454916    585.79548 bp 7505
 119      0.0488769     -0.2217551   -0.0000787    73.217898    492.15200 bp 7505
 120      0.0023813     -0.0110019   -0.0000047    88.433712    323.98780 bp 7505
 121     -0.0005638      0.0026215    0.0000012    97.124408    524.32994 bp 7505
 122      0.0184721     -0.0842065   -0.0000325    79.623257    559.92198 bp 7505
 123     -0.0038133      0.0176551    0.0000078    91.213028    636.55091 bp 7505
 124     -0.0162221      0.0736977    0.0000279    77.976010    542.90743 bp 7505
 125     -0.0007870      0.0036496    0.0000016    93.191824    374.74323 bp 7505
 126      0.0030390     -0.0138610   -0.0000055    81.931663    444.94839 bp 7505
 127     -0.0006265      0.0029044    0.0000013    93.521434    521.57732 bp 7505
 128     -0.0026695      0.0121325    0.0000047    80.284416    427.93384 bp 7505
 129     -0.0001293      0.0006003    0.0000003    95.500230    259.76964 bp 7505
 130      0.0204598     -0.0931584   -0.0000343    76.020283    557.16936 bp 7505
 131      0.0857382     -0.3863229   -0.0001176    62.783265    463.52588 bp 7505
 132      0.0042295     -0.0192715   -0.0000073    77.999079    295.36168 bp 7505
 133     -0.0179602      0.0815177    0.0000294    74.373036    540.15481 bp 7505
 134     -0.0008740      0.0040424    0.0000018    89.588850    371.99061 bp 7505
 135     -0.0037137      0.0168652    0.0000062    76.351832    278.34713 bp 7505
 136     -0.0000000      0.0000002    0.0000000    18.829299   -142.61834 bp 7505
 137     -0.0000000      0.0000001    0.0000000     5.610937     94.09305 bp 7505
 138     -0.0000000      0.0000001    0.0000000    17.818769   -171.53435 bp 7505
 139     -0.0000000      0.0000001    0.0000000     6.771027   -198.97419 bp 7505
 140      0.0000000      0.0000000    0.0000000    18.455486   -183.43580 bp 7505
 141     -0.0000000      0.0000000    0.0000000    26.267070    -19.12481 bp 7505
 142      0.0000000     -0.0000000   -0.0000000    19.466016   -154.51980 bp 7505
 143     -0.0000000      0.0000000    0.0000000     7.757949   -159.34300 bp 7505
 144      0.0000000     -0.0000000   -0.0000000     2.999837   -210.09844 bp 7505
 145      0.0000000     -0.0000000   -0.0000000     0.691431    -95.12485 bp 7505
 146      0.0000000      0.0000000    0.0000000    18.192582   -130.71689 bp 7505
 147      0.0000000     -0.0000000   -0.0000000     6.602811   -207.34582 bp 7505
 148      0.0000000     -0.0000000   -0.0000000    19.839829   -113.70234 bp 7505
 149      0.0000000     -0.0000000   -0.0000000     4.624015     54.46186 bp 7505
 150      6.5052734    -23.9920954    0.0015375   -13.218362    236.71139 bp 7505
 151     18.8275593    277.5030610   -0.0013595    -1.010530    -28.91600 bp 7505
 152      3.4044776     -9.5957422    0.0005610   -12.058272    -56.35584 bp 7505
 153      9.1310814    395.8707362   -0.0007174    -0.373813    -40.81746 bp 7505
 154     14.7059467    -58.0829951   -0.0020944     7.437771    123.49354 bp 7505
 155     -6.8505618    195.6110833    0.0006038     0.636717    -11.90146 bp 7505
 156      1.4222927     -3.1796024    0.0001707   -11.071350    -16.72466 bp 7505
 157     -0.4675452      3.6027572   -0.0002765   -15.829462    -67.48010 bp 7505
 158     -0.0766021      2.6976274   -0.0002372   -18.137868     47.49350 bp 7505
 159      2.5546079     62.8766200   -0.0001941    -0.636717     11.90146 bp 7505
 160     -0.5213781      1.5274928   -0.0000905   -12.226488    -64.72748 bp 7505
 161     -2.2464055     41.9740818    0.0002056     1.010530     28.91600 bp 7505
 162     -0.1073758      0.5056243   -0.0000348   -14.205284    197.08020 bp 7505
 163      2.2511148      9.9714037    0.0005902    12.207832   -265.62739 bp 7505
 164      0.4059018     53.2758322    0.0002996     1.160090   -293.06723 bp 7505
 165      1.0919882      4.3099272    0.0002684    12.844549   -277.52885 bp 7505
 166      1.7644946      1.1782738    0.0001180    20.656133   -113.21785 bp 7505
 167     -0.8195480     -2.6912534   -0.0001808    13.855079   -248.61285 bp 7505
 168      0.1696085     10.7547356    0.0001119     2.147012   -253.43605 bp 7505
 169     -0.0557040      6.2583216   -0.0000792    -2.611100   -304.19149 bp 7505
 170     -0.0091230      1.9986450   -0.0000477    -4.919506   -189.21789 bp 7505
 171      0.3054792      1.2645013    0.0000771    12.581645   -224.80993 bp 7505
 172     -0.0621597     -9.7390133   -0.0000468     0.991874   -301.43887 bp 7505
 173     -0.2687787     -0.8239712   -0.0000568    14.228892   -207.79539 bp 7505
 174     -0.0127967      2.6797001   -0.0000128    -0.986922    -39.63119 bp 7505
 175      1.1781280     -4.1246609    0.0002209   -11.047742    -27.43984 bp 7505
 176      3.1607952    -69.9955802   -0.0002161     0.636717    -11.90146 bp 7505
 177      5.0922569    -17.0044129   -0.0006965     8.448301    152.40954 bp 7505
 178     -2.3714586     23.3322238    0.0001863     1.647247     17.01455 bp 7505
 179      0.4921979     -1.4202765    0.0000693   -10.060820     12.19135 bp 7505
 180     -0.1617838      1.4221475   -0.0001022   -14.818932    -38.56409 bp 7505
 181     -0.0265055      1.0322801   -0.0000857   -17.127338     76.40950 bp 7505
 182      0.8842897    -32.0063932   -0.0000580     0.373813     40.81746 bp 7505
 183     -0.1804236      0.6529700   -0.0000355   -11.215958    -35.81147 bp 7505
 184     -0.7776485      6.5240552    0.0000639     2.021060     57.83201 bp 7505
 185     -0.0371561      0.2054797   -0.0000131   -13.194754    225.99621 bp 7505
 186      0.5714873      1.7460267    0.0000989    11.684459     15.53838 bp 7505
 187      0.9232371      0.1670419    0.0000158    19.496043    179.84938 bp 7505
 188     -0.4288968     -1.0516982   -0.0000647    12.694989     44.45439 bp 7505
 189      0.0887808     10.2134648    0.0000489     0.986922     39.63119 bp 7505
 190     -0.0291598      2.0397741   -0.0000373    -3.771190    -11.12425 bp 7505
 191     -0.0047758      0.8041939   -0.0000237    -6.079596    103.84934 bp 7505
 192      0.1598721      0.5167688    0.0000286    11.421555     68.25730 bp 7505
 193     -0.0325377     25.4700037   -0.0000208    -0.168216     -8.37163 bp 7505
 194     -0.1406596     -0.3173249   -0.0000201    13.068802     85.27185 bp 7505
 195     -0.0066986      0.5630615   -0.0000059    -2.147012    253.43605 bp 7505
 196      2.4691792     -9.1530386   -0.0003466     7.811584    164.31100 bp 7505
 197     -1.1501056     19.8787174    0.0000974     1.010530     28.91600 bp 7505
 198      0.2387528     -0.5872217    0.0000305   -10.697537     24.09280 bp 7505
 199     -0.0784817      0.6348133   -0.0000476   -15.455649    -26.66263 bp 7505
 200     -0.0128582      0.4698955   -0.0000405   -17.764055     88.31096 bp 7505
 201      0.4288729     24.2992766   -0.0000310    -0.262904     52.71892 bp 7505
 202     -0.0875202      0.2773534   -0.0000159   -11.852675    -23.91002 bp 7505
 203     -0.3771394      4.9540776    0.0000332     1.384343     69.73346 bp 7505
 204     -0.0180242      0.0900651   -0.0000060   -13.831471    237.89767 bp 7505
 205     -1.8518864     -8.1859635    0.0002699    -6.801054   -135.39499 bp 7505
 206      0.3856294      0.0586212   -0.0000053   -18.509121   -140.21819 bp 7505
 207     -0.1268736      0.3582277   -0.0000404   -23.267233   -190.97363 bp 7505
 208     -0.0207943      0.3553122   -0.0000441   -25.575639    -76.00004 bp 7505
 209      0.6908606      2.4516553   -0.0000960    -8.074488   -111.59208 bp 7505
 210     -0.1413934      0.0344750   -0.0000033   -19.664259   -188.22101 bp 7505
 211     -0.6071860     -2.8767207    0.0000896    -6.427241    -94.57753 bp 7505
 212     -0.0291297      0.0357276   -0.0000037   -21.643055     73.58667 bp 7505
 213     -0.1791784      0.3389615   -0.0000192   -11.708067     -4.82320 bp 7505
 214      0.0589042     -0.4180642    0.0000334   -16.466179    -55.57864 bp 7505
 215      0.0096510     -0.3192525    0.0000291   -18.774585     59.39495 bp 7505
 216     -0.3217676     -4.2836261    0.0000264    -1.273434     23.80291 bp 7505
 217      0.0656835     -0.1680623    0.0000105   -12.863205    -52.82602 bp 7505
 218      0.2829370    -15.1618348   -0.0000275     0.373813     40.81746 bp 7505
 219      0.0135276     -0.0575732    0.0000041   -14.842001    208.98166 bp 7505
 220     -0.0121850      0.6248775   -0.0000144    -4.758112    -50.75544 bp 7505
 221     -0.0019957      0.2777437   -0.0000095    -7.066518     64.21815 bp 7505
 222      0.0667908      0.1755399    0.0000089    10.434633     28.62611 bp 7505
 223     -0.0135959      1.3697410   -0.0000077    -1.155138    -48.00282 bp 7505
 224     -0.0587623     -0.1004428   -0.0000059    12.081880     45.64066 bp 7505
 225     -0.0027991      0.1458729   -0.0000022    -3.133934    213.80486 bp 7505
 226      0.0006553     -0.3597739    0.0000040    -2.308406    114.97359 bp 7505
 227     -0.0219546     -0.1837724   -0.0000135    15.192745     79.38155 bp 7505
 228      0.0044655      0.3316504    0.0000058     3.602974      2.75262 bp 7505
 229      0.0193186      0.1306661    0.0000107    16.839992     96.39610 bp 7505
 230      0.0009193      0.1853497    0.0000015     1.624178    264.56030 bp 7505
 231     -0.0035969     -0.1349359   -0.0000114    17.501151    -35.59204 bp 7505
 232      0.0007314      0.1275616    0.0000037     5.911380   -112.22097 bp 7505
 233      0.0031653      0.1009523    0.0000094    19.148398    -18.57749 bp 7505
 234      0.0001505      0.0433820    0.0000008     3.932584    149.58671 bp 7505
 235     -0.0244835      0.0819704   -0.0000046   -11.589771    -76.62893 bp 7505
 236     -0.1055135      1.1327248    0.0000090     1.647247     17.01455 bp 7505
 237     -0.0050422      0.0262708   -0.0000017   -13.568567    185.17875 bp 7505
 238      0.0215414      0.0508339    0.0000033    13.237018     93.64348 bp 7505
 239      0.0010258     -0.0952797    0.0000009    -1.978796    261.80768 bp 7505
 240      0.0044365     -0.0177902    0.0000013   -15.215814    168.16420 bp 7505
 241                  -953.2734422    0.0145067    -3.138886   -165.12509 bp 7505
 242                   175.1844107   -0.0115932   -13.650058   -279.49735 bp 7505
 243                  -139.7006908    0.0088138   -13.013341   -291.39881 bp 7505
 244                    48.9754493   -0.0030011   -12.639528   -250.58135 bp 7505
 245                  -617.3824888    0.0029688    -0.991874    -58.56113 bp 7505
 246                    30.8606251   -0.0020982   -14.023871   -320.31481 bp 7505
 247                   -11.6957886    0.0012480   -22.009553    -99.51761 bp 7505
 248                   -86.0321226    0.0008976    -2.151964   -125.49390 bp 7505
 249                   -13.1269558    0.0007639   -12.002811   -262.48280 bp 7505
 250                   104.6254828    0.0005793     1.142024    -86.25636 bp 7505
 251                    -8.8979671    0.0005339   -12.376624   -303.30026 bp 7505
 252                    -4.8643382    0.0003369   -14.286775   -267.59589 bp 7505
 253                    31.2327028   -0.0003004    -1.983748   -117.12227 bp 7505
 254                    -3.4611774    0.0002460   -14.660588   -308.41335 bp 7505
 255                    -2.5313950    0.0001622   -13.218362   -123.28861 bp 7505
 256                    16.1664400   -0.0001551    -1.978796    -98.19232 bp 7505
 257                     1.6043036   -0.0001105   -14.210236   -181.84975 bp 7505
 258                     0.6493123    0.0000111     3.539342    -43.53791 bp 7505
 259                   198.9786353   -0.0101399   -10.511172   -114.37226 bp 7505
 260                  -161.0281732    0.0077089    -9.874455   -126.27372 bp 7505
 261                    56.9880726   -0.0026249    -9.500642    -85.45626 bp 7505
 262                   249.4617582    0.0025966     2.147012    106.56395 bp 7505
 263                    34.7754237   -0.0018352   -10.884985   -155.18972 bp 7505
 264                   -11.9311174    0.0010915   -18.870667     65.60748 bp 7505
 265                   164.0742572    0.0007851     0.986922     39.63118 bp 7505
 266                   -15.5470701    0.0006681    -8.863925    -97.35771 bp 7505
 267                    24.4120497    0.0005067     4.280910     78.86873 bp 7505
 268                   -10.4268947    0.0004670    -9.237738   -138.17518 bp 7505
 269                    -5.4524661    0.0002947   -11.147889   -102.47081 bp 7505
 270                   -46.9126360   -0.0002627     1.155138     48.00282 bp 7505
 271                    -3.8519997    0.0002152   -11.521702   -143.28827 bp 7505
 272                    -2.9035362    0.0001419   -10.079476     41.83648 bp 7505
 273                   -24.1185598   -0.0001356     1.160090     66.93277 bp 7505
 274                     1.8010050   -0.0000967   -11.071350    -16.72466 bp 7505
 275                     0.3009834    0.0000097     6.678228    121.58718 bp 7505
 276                 -1995.7469403   -0.0061607     0.636717    -11.90146 bp 7505
 277                   428.1782749    0.0020977     1.010530     28.91600 bp 7505
 278                   -33.8145773   -0.0020752    12.658184    220.93622 bp 7505
 279                  -809.2501352    0.0014666    -0.373813    -40.81746 bp 7505
 280                    21.5241121   -0.0008723    -8.359495    179.97974 bp 7505
 281                   -11.2547108   -0.0006274    11.498094    154.00345 bp 7505
 282                   -66.8579136   -0.0005339     1.647247     17.01455 bp 7505
 283                    -5.6460920   -0.0004049    14.792082    193.24100 bp 7505
 284                   -60.4478842   -0.0003732     1.273434    -23.80291 bp 7505
 285                    76.2914865   -0.0002355    -0.636717     11.90146 bp 7505
 286                     3.7121636    0.0002100    11.666310    162.37508 bp 7505
 287                    35.0986646   -0.0001720    -1.010530    -28.91600 bp 7505
 288                   -54.1781394   -0.0001134     0.431696    156.20874 bp 7505
 289                     1.9158529    0.0001084    11.671262    181.30503 bp 7505
 290                   -28.4463376    0.0000773    -0.560178     97.64761 bp 7505
 291                    -0.0934502   -0.0000078    17.189400    235.95944 bp 7505
 292                  -879.9882007   -0.0015948     0.373813     40.81746 bp 7505
 293                    27.0691930    0.0015776    12.021467    232.83767 bp 7505
 294                   227.5859150   -0.0011150    -1.010530    -28.91600 bp 7505
 295                   -15.2055809    0.0006632    -8.996212    191.88120 bp 7505
 296                     9.0580083    0.0004770    10.861377    165.90491 bp 7505
 297                    82.8551951    0.0004059     1.010530     28.91601 bp 7505
 298                     4.4855283    0.0003078    14.155365    205.14245 bp 7505
 299                    91.9112156    0.0002837     0.636717    -11.90146 bp 7505
 300                   -29.0003669    0.0001790    -1.273434     23.80291 bp 7505
 301                    -2.9850977   -0.0001596    11.029593    174.27654 bp 7505
 302                   -16.3696159    0.0001307    -1.647247    -17.01455 bp 7505
 303                   -86.7283679    0.0000862    -0.205021    168.11020 bp 7505
 304                    -1.5405754   -0.0000824    11.034545    193.20649 bp 7505
 305                    10.1217071   -0.0000587    -1.196895    109.54906 bp 7505
 306                     0.0737785    0.0000059    16.552683    247.86090 bp 7505
 307                    -9.5129724   -0.0005372    11.647654    192.02021 bp 7505
 308                   -56.5682579    0.0003797    -1.384343    -69.73347 bp 7505
 309                     4.9710012   -0.0002258    -9.370025    151.06374 bp 7505
 310                    -3.1942206   -0.0001624    10.487564    125.08744 bp 7505
 311                   -44.7759111   -0.0001382     0.636717    -11.90146 bp 7505
 312                    -1.5687671   -0.0001048    13.781552    164.32499 bp 7505
 313                   -75.7948475   -0.0000966     0.262904    -52.71892 bp 7505
 314                     7.6338413   -0.0000610    -1.647247    -17.01455 bp 7505
 315                     1.0520944    0.0000544    10.655780    133.45908 bp 7505
 316                     4.5429706   -0.0000445    -2.021060    -57.83201 bp 7505
 317                    10.4598970   -0.0000294    -0.578834    127.29274 bp 7505
 318                     0.5429656    0.0000281    10.660732    152.38903 bp 7505
 319                    -2.6262513    0.0000200    -1.570708     68.73160 bp 7505
 320                    -0.0257023   -0.0000020    16.178870    207.04344 bp 7505
 321                     5.9443869   -0.0003756   -13.031997   -261.75368 bp 7505
 322                    -2.1923071    0.0002234   -21.017679    -40.95647 bp 7505
 323                   -28.5659959    0.0001607    -1.160090    -66.93277 bp 7505
 324                    -2.5613453    0.0001367   -11.010937   -203.92167 bp 7505
 325                    10.0226938    0.0001037     2.133898    -27.69522 bp 7505
 326                    -1.7314697    0.0000956   -11.384750   -244.73913 bp 7505
 327                    -0.9356605    0.0000603   -13.294901   -209.03476 bp 7505
 328                    11.1811115   -0.0000538    -0.991874    -58.56113 bp 7505
 329                    -0.6644970    0.0000440   -13.668714   -249.85222 bp 7505
 330                    -0.4898705    0.0000290   -12.226488    -64.72748 bp 7505
 331                     5.8020037   -0.0000278    -0.986922    -39.63118 bp 7505
 332                     0.3087135   -0.0000198   -13.218362   -123.28861 bp 7505
 333                     0.0907835    0.0000020     4.531216     15.02323 bp 7505
 334                     4.0778942   -0.0001579    -7.985682    220.79720 bp 7505
 335                    -1.9727969   -0.0001135    11.871907    194.82091 bp 7505
 336                    -9.8622274   -0.0000966     2.021060     57.83201 bp 7505
 337                    -0.9966712   -0.0000733    15.165895    234.05846 bp 7505
 338                    -8.4574900   -0.0000675     1.647247     17.01455 bp 7505
 339                    33.4401335   -0.0000426    -0.262904     52.71892 bp 7505
 340                     0.6509871    0.0000380    12.040123    203.19254 bp 7505
 341                    10.0817525   -0.0000311    -0.636717     11.90146 bp 7505
 342                    -5.2550202   -0.0000205     0.805509    197.02620 bp 7505
 343                     0.3359798    0.0000196    12.045075    222.12249 bp 7505
 344                   -15.4750025    0.0000140    -0.186365    138.46507 bp 7505
 345                    -0.0165531   -0.0000014    17.563213    276.77691 bp 7505
 346                     0.7015271    0.0000675    19.857589    -25.97629 bp 7505
 347                     1.1847579    0.0000575    10.006742   -162.96519 bp 7505
 348                     0.3883358    0.0000436    23.151577     13.26125 bp 7505
 349                     0.8602209    0.0000402     9.632929   -203.78265 bp 7505
 350                     0.6771108    0.0000254     7.722778   -168.07828 bp 7505
 351                    -0.2327992   -0.0000226    20.025805    -17.60466 bp 7505
 352                     0.5195465    0.0000185     7.348965   -208.89574 bp 7505
 353                     0.2863948    0.0000122     8.791191    -23.77100 bp 7505
 354                    -0.1201693   -0.0000117    20.030757      1.32529 bp 7505
 355                    -0.2199412   -0.0000083     7.799317    -82.33214 bp 7505
 356                     0.0067683    0.0000008    25.548895     55.97970 bp 7505
 357                    -0.8655729    0.0000413    -9.850847   -136.98890 bp 7505
 358                     1.9630029    0.0000313     3.293988     39.23755 bp 7505
 359                    -0.5828736    0.0000289   -10.224660   -177.80636 bp 7505
 360                    -0.3099240    0.0000182   -12.134811   -142.10199 bp 7505
 361                   -19.9323731   -0.0000163     0.168216      8.37163 bp 7505
 362                    -0.2195310    0.0000133   -12.508624   -182.91945 bp 7505
 363                    -0.1636295    0.0000088   -11.066398      2.20529 bp 7505
 364                    -9.9971916   -0.0000084     0.173168     27.30158 bp 7505
 365                     0.1023135   -0.0000060   -12.058272    -56.35584 bp 7505
 366                     0.0218522    0.0000006     5.691306     81.95600 bp 7505
 367                     0.4186385    0.0000267    13.144835    176.22645 bp 7505
 368                   -13.5681358    0.0000246    -0.373813    -40.81746 bp 7505
 369                    -1.4013619    0.0000155    -2.283964     -5.11309 bp 7505
 370                    -0.2848069   -0.0000138    10.019063    145.36053 bp 7505
 371                    -0.8793025    0.0000113    -2.657777    -45.93055 bp 7505
 372                    -1.2677860    0.0000075    -1.215551    139.19419 bp 7505
 373                    -0.1469790   -0.0000071    10.024015    164.29048 bp 7505
 374                     0.4756456   -0.0000051    -2.207425     80.63306 bp 7505
 375                     0.0068100    0.0000005    15.542153    218.94490 bp 7505
 376                    -0.2845162    0.0000186   -13.518648   -217.04391 bp 7505
 377                    -0.1573161    0.0000118   -15.428799   -181.33954 bp 7505
 378                     0.6922868   -0.0000105    -3.125772    -30.86591 bp 7505
 379                    -0.1121486    0.0000086   -15.802612   -222.15700 bp 7505
 380                    -0.0813802    0.0000057   -14.360386    -37.03226 bp 7505
 381                     0.3580090   -0.0000054    -3.120820    -11.93596 bp 7505
 382                     0.0518636   -0.0000039   -15.352260    -95.59339 bp 7505
 383                     0.0334810    0.0000004     2.397318     42.71845 bp 7505
 384                    -1.1711644    0.0000108    -1.910151     35.70437 bp 7505
 385                    -0.1919057   -0.0000097    10.392876    186.17800 bp 7505
 386                    -0.7151771    0.0000079    -2.283964     -5.11309 bp 7505
 387                    -1.2796412    0.0000052    -0.841738    180.01165 bp 7505
 388                    -0.0990377   -0.0000050    10.397828    205.10795 bp 7505
 389                     0.4002285   -0.0000036    -1.833612    121.45052 bp 7505
 390                     0.0046480    0.0000004    15.915966    259.76236 bp 7505
 391                    -0.1023002   -0.0000061    12.303027    150.47363 bp 7505
 392                    -2.7574867    0.0000050    -0.373813    -40.81746 bp 7505
 393                     0.6361960    0.0000033     1.068413    144.30728 bp 7505
 394                    -0.0527985   -0.0000032    12.307979    169.40358 bp 7505
 395                    -6.0505888   -0.0000022     0.076539     85.74615 bp 7505
 396                     0.0026189    0.0000002    17.826117    224.05799 bp 7505
 397                     0.0724928   -0.0000045   -12.676840   -191.29109 bp 7505
 398                     0.0539399   -0.0000029   -11.234614     -6.16634 bp 7505
 399                   116.9945016    0.0000028     0.004952     18.92995 bp 7505
 400                    -0.0337689    0.0000020   -12.226488    -64.72748 bp 7505
 401                    -0.0075357   -0.0000002     5.523090     73.58436 bp 7505
 402                     0.3441233    0.0000024     1.442226    185.12474 bp 7505
 403                    -0.0374149   -0.0000023    12.681792    210.22104 bp 7505
 404                    -0.7508369   -0.0000016     0.450352    126.56361 bp 7505
 405                     0.0018729    0.0000002    18.199930    264.87545 bp 7505
 406                    -0.0278380   -0.0000015    11.239566     25.09629 bp 7505
 407                     0.2248037   -0.0000011    -0.991874    -58.56113 bp 7505
 408                     0.0013413    0.0000001    16.757704     79.75070 bp 7505
 409                    -0.0174285    0.0000010   -12.231440    -83.65743 bp 7505
 410                    -0.0038943   -0.0000001     5.518138     54.65441 bp 7505
 411                    -0.0008628   -0.0000001    17.749578    138.31184 bp 7505
    1   0.18607980D-01     54.615043       31.961770          23730.
    2   0.16275220D-01     57.753929      197.086857          22440.
    3  -0.13006600D-01     68.265101      311.459121          18985.
    4   0.98882900D-02     67.628384      323.360578          19164.
    5  -0.33670000D-02     67.254571      282.543116          19270.
    6   0.33307700D-02     55.606917       90.522905          23306.
    7  -0.23540000D-02     68.638914      352.276582          18881.
    8   0.14001500D-02     76.624596      131.479380          16914.
    9   0.10070000D-02     56.767007      157.455672          22830.
   10   0.85700000D-03     66.617854      294.444572          19454.
   11   0.64990000D-03     53.473019      118.218125          24237.
   12   0.59900000D-03     66.991667      335.262034          19346.
   13   0.37800000D-03     68.901818      299.557664          18809.
   14  -0.33700000D-03     56.598791      149.084039          22898.
   15   0.27600000D-03     69.275631      340.375125          18708.
   16   0.18200000D-03     67.833405      155.250380          19106.
   17  -0.17400000D-03     56.593839      130.154089          22900.
   18  -0.12400000D-03     68.825279      213.811515          18830.
   19   0.12500000D-04     51.075701       75.499676          25374.
   20   0.33393869D-03     86.193582      284.133441          15036.
   21   0.39405877D-04     99.411944       47.422051          13037.
   22   0.11544231D-03     87.204112      313.049445          14862.
   23   0.20641470D-04     98.251854      340.489284          13191.
   24   0.56034582D-04     86.567395      324.950902          14971.
   25   0.91419563D-04     78.755811      160.639906          16456.
   26  -0.42097888D-04     85.556865      296.034898          15148.
   27   0.15671369D-04     86.830299      272.231984          14926.
   28  -0.13811861D-04     85.183052      255.217437          15214.
   29   0.29207500D-03     89.332468       89.258528          14508.
   30   0.34465821D-04    102.550830      212.547139          12638.
   31   0.10097007D-03     90.342998      118.174532          14345.
   32   0.18053785D-04    101.390740      145.614371          12782.
   33   0.49009895D-04     89.706281      130.075989          14447.
   34   0.79958894D-04     81.894697      325.764993          15825.
   35  -0.36820353D-04     88.695751      101.159985          14612.
   36   0.13706752D-04     89.969185       77.357072          14405.
   37  -0.12080359D-04     88.321938       60.342524          14674.
   38  -0.23341636D-03     99.843640      203.630792          12980.
   39  -0.27543907D-04    113.062002      326.919402          11463.
   40  -0.80691829D-04    100.854170      232.546796          12850.
   41  -0.14427968D-04    111.901912      259.986635          11582.
   42  -0.39167034D-04    100.217453      244.448253          12932.
   43  -0.63900417D-04     92.405869       80.137256          14025.
   44   0.29425568D-04     99.206923      215.532249          13064.
   45  -0.10953968D-04    100.480357      191.729335          12898.
   46   0.17745519D-03     99.206923      215.532249          13064.
   47   0.20940303D-04    112.425285      338.820859          11528.
   48   0.61346101D-04    100.217453      244.448253          12932.
   49   0.10968888D-04    111.265195      271.888092          11648.
   50   0.29776805D-04     99.580736      256.349710          13015.
   51   0.48580402D-04     91.769152       92.038714          14122.
   52  -0.22370839D-04     98.570206      227.433706          13148.
   53  -0.60424161D-04     98.833110      174.714787          13113.
   54  -0.20888579D-04     99.843640      203.630791          12980.
   55  -0.10139114D-04     99.206923      215.532248          13064.
   56  -0.16541810D-04     91.395339       51.221252          14180.
   57   0.59773978D-04     87.185456      342.694576          14865.
   58   0.20663811D-04     88.195986       11.610580          14695.
   59   0.10030014D-04     87.559269       23.512037          14801.
   60   0.16363815D-04     79.747685      219.201041          16251.
   61  -0.42244869D-04    100.217453      244.448253          12932.
   62  -0.14604014D-04    101.227983      273.364257          12803.
   63  -0.11565019D-04     92.779682      120.954718          13969.
   64   0.25127083D-04    108.203135       23.651051          11977.
   65   0.18071616D-04     88.345546       49.627344          14670.
   66   0.15379717D-04     98.196393      186.616243          13198.
   67   0.11663101D-04     85.051558       10.389796          15238.
   68   0.10749650D-04     98.570206      227.433705          13148.
   69   0.33393869D-03     23.036504      319.790099          56259.
   70   0.39405877D-04      9.818142      196.501488         132001.
   71   0.11544231D-03     22.025974      290.874095          58840.
   72   0.20641470D-04     10.978232      263.434256         118052.
   73   0.56034582D-04     22.662691      278.972638          57187.
   74   0.91419563D-04     30.474275       83.283634          42528.
   75  -0.42097888D-04     23.673221      307.888642          54745.
   76   0.15671369D-04     22.399787      331.691555          57858.
   77  -0.13811861D-04     24.047034      348.706103          53894.
   78   0.29207500D-03     26.175390      124.915186          49512.
   79   0.34465821D-04     12.957028        1.626576         100023.
   80   0.10097007D-03     25.164860       95.999182          51500.
   81   0.18053785D-04     14.117118       68.559343          91803.
   82   0.49009895D-04     25.801577       84.097725          50229.
   83   0.79958894D-04     33.613161      248.408721          38556.
   84  -0.36820353D-04     26.812107      113.013729          48336.
   85   0.13706752D-04     25.538673      136.816643          50747.
   86  -0.12080359D-04     27.185920      153.831190          47672.
   87  -0.23341636D-03     36.686562      239.287449          35326.
   88  -0.27543907D-04     23.468200      115.998839          55224.
   89  -0.80691829D-04     35.676032      210.371445          36327.
   90  -0.14427968D-04     24.628290      182.931606          52622.
   91  -0.39167034D-04     36.312749      198.469989          35690.
   92  -0.63900417D-04     44.124333        2.780985          29372.
   93   0.29425568D-04     37.323279      227.385993          34724.
   94  -0.10953968D-04     36.049845      251.188906          35950.
   95   0.17745519D-03     36.049845      251.188907          35950.
   96   0.20940303D-04     22.831483      127.900296          56764.
   97   0.61346101D-04     35.039315      222.272903          36987.
   98   0.10968888D-04     23.991573      194.833064          54019.
   99   0.29776805D-04     35.676032      210.371446          36327.
  100   0.48580402D-04     43.487616       14.682442          29802.
  101  -0.22370839D-04     36.686562      239.287450          35326.
  102  -0.60424161D-04     35.676032      210.371445          36327.
  103  -0.20888579D-04     34.665502      181.455441          37386.
  104  -0.10139114D-04     35.302219      169.553984          36712.
  105  -0.16541810D-04     43.113803      333.864980          30060.
  106   0.59773978D-04     24.028378       18.351234          53936.
  107   0.20663811D-04     23.017848      349.435229          56304.
  108   0.10030014D-04     23.654565      337.533773          54789.
  109   0.16363815D-04     31.466149      141.844769          41187.
  110  -0.42244869D-04     37.060375      280.104911          34970.
  111  -0.14604014D-04     36.049845      251.188907          35950.
  112  -0.11565019D-04     44.498146       43.598446          29125.
  113   0.25127083D-04     45.046057       59.307708          28771.
  114   0.18071616D-04     25.188468       85.284001          51452.
  115   0.15379717D-04     35.039315      222.272901          36987.
  116   0.11663101D-04     21.894480       46.046454          59193.
  117   0.10749650D-04     35.413128      263.090363          36597.
       117
